4277
0 0 0 7
0 8 0 17
0 18 0 25
0 38 0 48
0 49 0 57
0 58 0 67
0 68 0 76
0 77 0 86
0 87 0 96
0 97 0 107
0 108 0 116
0 117 0 126
0 127 0 135
0 136 0 143
0 144 0 151
0 152 0 163
0 164 0 171
0 172 0 181
0 194 0 204
0 205 0 215
0 228 0 236
0 237 0 246
1 0 1 9
1 10 1 21
1 22 1 29
1 30 1 37
1 38 1 45
1 46 1 54
1 55 1 62
1 63 1 74
1 75 1 86
1 87 1 96
1 97 1 105
1 106 1 113
1 114 1 124
1 137 1 145
1 146 1 154
1 155 1 163
1 176 1 183
1 208 1 218
1 219 1 227
1 228 1 236
1 237 1 245
2 12 2 19
2 20 2 29
2 30 2 39
2 40 2 47
2 48 2 59
2 60 2 67
2 68 2 78
2 79 2 86
2 87 2 95
2 96 2 103
2 104 2 111
2 112 2 119
2 120 2 130
2 131 2 141
2 142 2 149
2 150 2 160
2 161 2 169
2 170 2 179
2 180 2 190
2 203 2 211
2 212 2 222
2 223 2 233
2 234 2 241
2 242 2 249
3 0 3 8
3 9 3 18
3 19 3 28
3 29 3 37
3 50 3 58
3 59 3 66
3 67 3 76
3 77 3 87
3 88 3 97
3 98 3 108
3 109 3 117
3 118 3 126
3 127 3 135
3 172 3 180
3 181 3 191
3 204 3 214
3 215 3 222
3 223 3 234
3 235 3 244
4 0 4 8
4 9 4 16
4 17 4 25
4 38 4 46
4 47 4 56
4 57 4 66
4 91 4 100
4 101 4 111
4 124 4 131
4 132 4 140
4 141 4 151
4 152 4 162
4 175 4 184
4 185 4 193
4 194 4 204
4 205 4 214
4 215 4 223
5 0 5 9
5 10 5 21
5 22 5 32
5 33 5 41
5 54 5 62
5 63 5 71
5 72 5 80
5 81 5 92
5 93 5 101
5 102 5 113
5 114 5 125
5 126 5 134
5 135 5 144
5 145 5 153
5 154 5 163
5 164 5 171
5 172 5 179
5 180 5 190
5 191 5 199
5 200 5 207
5 208 5 216
5 217 5 227
5 228 5 236
5 237 5 244
6 0 6 8
6 9 6 20
6 21 6 31
6 32 6 40
6 41 6 52
6 53 6 60
6 61 6 72
6 73 6 82
6 83 6 91
6 92 6 99
6 112 6 120
6 121 6 131
6 132 6 139
6 152 6 159
6 160 6 168
6 169 6 177
6 178 6 187
6 188 6 196
6 197 6 205
6 206 6 214
6 227 6 237
6 238 6 245
7 0 7 8
7 9 7 18
7 19 7 28
7 29 7 37
7 38 7 46
7 47 7 55
7 56 7 64
7 77 7 86
7 87 7 96
7 97 7 106
7 107 7 115
7 116 7 125
7 126 7 133
7 134 7 143
7 144 7 151
7 152 7 159
7 160 7 167
7 168 7 176
7 177 7 184
7 185 7 195
7 196 7 206
7 207 7 214
7 215 7 223
7 224 7 232
7 233 7 241
7 242 7 249
8 0 8 7
8 8 8 16
8 17 8 24
8 25 8 35
8 36 8 46
8 47 8 55
8 56 8 64
8 65 8 72
8 85 8 94
8 95 8 103
8 104 8 114
8 115 8 122
8 123 8 132
8 133 8 142
8 143 8 152
8 153 8 161
8 162 8 170
8 171 8 180
8 181 8 189
8 190 8 199
8 200 8 208
8 209 8 219
8 232 8 241
9 12 9 20
9 21 9 28
9 29 9 36
9 37 9 48
9 49 9 57
9 70 9 79
9 80 9 87
9 88 9 95
9 108 9 116
9 117 9 126
9 127 9 134
9 135 9 143
9 144 9 155
9 156 9 166
9 167 9 178
9 179 9 186
9 187 9 195
9 196 9 203
9 204 9 213
9 214 9 224
10 0 10 7
10 8 10 15
10 16 10 23
10 24 10 32
10 33 10 44
10 45 10 52
10 53 10 62
10 63 10 71
10 72 10 82
10 83 10 90
10 91 10 98
10 99 10 107
10 120 10 129
10 130 10 139
10 140 10 148
10 149 10 157
10 158 10 167
10 168 10 176
10 177 10 187
10 188 10 197
10 198 10 206
10 207 10 214
10 215 10 224
10 225 10 232
10 233 10 241
11 0 11 9
11 10 11 17
11 18 11 25
11 26 11 34
11 35 11 42
11 55 11 63
11 64 11 73
11 74 11 81
11 82 11 89
11 90 11 98
11 111 11 119
11 120 11 130
11 131 11 141
11 142 11 151
11 164 11 175
11 176 11 183
11 184 11 193
11 194 11 205
11 206 11 214
11 215 11 226
11 227 11 235
11 236 11 247
12 0 12 7
12 8 12 15
12 16 12 23
12 24 12 34
12 47 12 55
12 68 12 79
12 92 12 100
12 101 12 110
12 111 12 121
12 122 12 133
12 134 12 141
12 142 12 150
12 151 12 159
12 160 12 170
12 171 12 178
12 179 12 186
12 187 12 195
12 196 12 204
12 205 12 214
12 215 12 223
12 224 12 232
12 233 12 241
13 0 13 7
13 20 13 31
13 32 13 40
13 41 13 48
13 49 13 57
13 58 13 65
13 66 13 73
13 74 13 84
13 85 13 95
13 96 13 103
13 104 13 112
13 113 13 120
13 121 13 128
13 129 13 137
13 138 13 149
13 150 13 159
13 160 13 168
13 181 13 188
13 189 13 196
13 197 13 204
13 205 13 212
13 213 13 222
13 235 13 243
14 0 14 9
14 10 14 20
14 21 14 30
14 31 14 38
14 39 14 46
14 47 14 54
14 55 14 66
14 67 14 75
14 76 14 87
14 88 14 95
14 108 14 115
14 116 14 125
14 126 14 133
14 134 14 144
14 145 14 155
14 168 14 177
14 178 14 188
14 189 14 198
14 199 14 209
14 222 14 230
14 231 14 239
15 0 15 8
15 9 15 17
15 18 15 29
15 30 15 38
15 51 15 59
15 60 15 67
15 68 15 76
15 77 15 84
15 97 15 104
15 105 15 113
15 114 15 122
15 123 15 133
15 134 15 144
15 145 15 152
15 177 15 184
15 185 15 196
15 197 15 207
15 208 15 215
15 216 15 223
15 224 15 233
16 0 16 9
16 10 16 20
16 21 16 30
16 31 16 39
16 40 16 48
16 49 16 57
16 58 16 66
16 67 16 74
16 75 16 84
16 85 16 94
16 95 16 104
16 105 16 113
16 114 16 122
16 123 16 130
16 143 16 150
16 151 16 158
16 159 16 167
16 168 16 177
16 190 16 197
16 198 16 206
16 207 16 214
17 0 17 8
17 9 17 16
17 17 17 24
17 25 17 32
17 45 17 54
17 55 17 66
17 67 17 75
17 76 17 83
17 96 17 107
17 120 17 128
17 129 17 136
17 137 17 147
17 148 17 157
17 158 17 166
17 167 17 175
17 176 17 183
17 184 17 193
17 194 17 205
17 206 17 213
17 214 17 224
17 237 17 244
18 0 18 8
18 9 18 17
18 18 18 25
18 26 18 34
18 35 18 42
18 43 18 51
18 52 18 59
18 60 18 67
18 80 18 90
18 91 18 99
18 100 18 109
18 110 18 119
18 132 18 139
18 140 18 147
18 148 18 156
18 169 18 176
18 177 18 186
18 187 18 195
18 196 18 203
18 204 18 212
18 213 18 221
18 222 18 229
18 230 18 237
18 238 18 245
19 0 19 11
19 12 19 23
19 24 19 31
19 32 19 40
19 41 19 52
19 53 19 60
19 61 19 70
19 71 19 78
19 79 19 87
19 88 19 95
19 96 19 107
19 120 19 127
19 128 19 135
19 136 19 143
19 144 19 152
19 153 19 161
19 162 19 172
19 173 19 182
19 183 19 190
19 191 19 198
19 199 19 207
19 208 19 217
20 0 20 9
20 10 20 17
20 18 20 25
20 26 20 36
20 49 20 57
20 82 20 89
20 102 20 109
20 134 20 145
20 158 20 165
20 166 20 176
20 177 20 186
20 187 20 196
20 197 20 206
20 207 20 216
20 217 20 224
20 225 20 232
20 233 20 241
21 0 21 8
21 9 21 19
21 20 21 27
21 28 21 36
21 37 21 45
21 46 21 55
21 56 21 64
21 65 21 73
21 74 21 82
21 83 21 91
21 92 21 99
21 100 21 111
21 112 21 120
21 121 21 129
21 130 21 138
21 139 21 146
21 147 21 158
21 159 21 167
21 168 21 175
21 176 21 186
21 199 21 207
21 208 21 219
21 220 21 227
21 228 21 236
22 0 22 8
22 9 22 18
22 19 22 27
22 28 22 35
22 36 22 43
22 44 22 51
22 52 22 59
22 60 22 69
22 70 22 77
22 78 22 88
22 89 22 97
22 98 22 106
22 107 22 117
22 118 22 127
22 128 22 135
22 136 22 143
22 144 22 151
22 152 22 160
22 161 22 168
22 169 22 180
22 181 22 191
22 204 22 213
22 214 22 221
22 222 22 229
22 230 22 238
22 239 22 246
23 0 23 8
23 9 23 18
23 19 23 26
23 27 23 34
23 35 23 46
23 47 23 57
23 58 23 65
23 66 23 73
23 74 23 81
23 82 23 89
23 90 23 101
23 102 23 110
23 123 23 133
23 134 23 142
23 143 23 151
23 152 23 160
23 161 23 168
23 169 23 178
23 179 23 187
23 188 23 195
23 196 23 203
23 204 23 211
23 212 23 220
23 221 23 230
24 0 24 8
24 21 24 32
24 33 24 43
24 44 24 52
24 53 24 62
24 63 24 70
24 71 24 78
24 79 24 86
24 87 24 94
24 95 24 103
24 104 24 115
24 116 24 126
24 127 24 135
24 136 24 147
24 148 24 156
24 157 24 166
24 179 24 186
24 187 24 194
24 195 24 202
24 203 24 213
24 214 24 223
24 224 24 232
24 233 24 244
25 0 25 7
25 8 25 16
25 17 25 24
25 25 25 32
25 33 25 42
25 43 25 50
25 51 25 58
25 71 25 82
25 83 25 93
25 94 25 102
25 103 25 110
25 111 25 118
25 119 25 129
25 130 25 140
25 141 25 148
25 161 25 168
25 169 25 176
25 177 25 185
25 198 25 205
25 206 25 214
25 227 25 234
25 235 25 245
26 0 26 7
26 8 26 15
26 16 26 25
26 26 26 34
26 35 26 43
26 44 26 52
26 53 26 62
26 63 26 70
26 71 26 79
26 80 26 88
26 89 26 97
26 98 26 107
26 120 26 128
26 141 26 149
26 150 26 158
26 159 26 167
26 168 26 176
26 177 26 186
26 187 26 197
26 198 26 208
26 221 26 229
26 230 26 237
26 238 26 249
27 0 27 9
27 10 27 21
27 22 27 29
27 42 27 49
27 62 27 69
27 106 27 115
27 116 27 124
27 125 27 132
27 133 27 141
27 142 27 150
27 151 27 160
27 161 27 172
27 185 27 193
27 194 27 203
27 204 27 212
27 213 27 223
27 224 27 234
28 0 28 7
28 8 28 15
28 16 28 27
28 28 28 35
28 36 28 45
28 46 28 53
28 54 28 62
28 63 28 72
28 73 28 80
28 93 28 100
28 101 28 108
28 109 28 118
28 155 28 162
28 163 28 171
28 172 28 180
28 181 28 189
28 190 28 199
28 200 28 208
28 209 28 217
28 230 28 238
29 0 29 9
29 10 29 20
29 21 29 28
29 29 29 40
29 41 29 48
29 61 29 69
29 70 29 80
29 81 29 88
29 89 29 97
29 98 29 107
29 108 29 115
29 116 29 123
29 124 29 133
29 134 29 143
29 144 29 151
29 152 29 163
29 164 29 174
29 187 29 195
29 196 29 203
29 204 29 215
29 216 29 223
29 224 29 232
29 233 29 241
29 242 29 249
30 0 30 7
30 8 30 15
30 28 30 37
30 38 30 48
30 61 30 68
30 69 30 77
30 78 30 85
30 86 30 93
30 94 30 101
30 102 30 112
30 113 30 121
30 122 30 133
30 134 30 143
30 144 30 151
30 152 30 160
30 161 30 171
30 172 30 180
30 181 30 188
30 189 30 198
30 199 30 207
30 208 30 216
30 217 30 224
30 237 30 247
31 0 31 7
31 8 31 15
31 52 31 60
31 61 31 71
31 72 31 81
31 82 31 93
31 94 31 104
31 105 31 116
31 117 31 128
31 129 31 137
31 138 31 149
31 162 31 170
31 171 31 179
31 192 31 201
31 202 31 212
31 213 31 220
31 221 31 228
31 229 31 238
31 239 31 249
32 0 32 7
32 8 32 18
32 19 32 28
32 29 32 37
32 38 32 46
32 47 32 55
32 56 32 63
32 64 32 72
32 73 32 84
32 85 32 92
32 93 32 100
32 101 32 108
32 109 32 120
32 121 32 130
32 131 32 140
32 141 32 151
32 152 32 160
32 161 32 171
32 172 32 179
32 180 32 187
32 200 32 210
32 211 32 220
32 221 32 231
32 232 32 240
33 0 33 8
33 9 33 17
33 18 33 25
33 38 33 46
33 47 33 54
33 55 33 64
33 65 33 74
33 75 33 83
33 84 33 95
33 96 33 104
33 105 33 114
33 139 33 147
33 148 33 156
33 157 33 166
33 167 33 175
33 176 33 183
33 208 33 219
33 220 33 230
33 231 33 238
34 24 34 34
34 35 34 45
34 46 34 53
34 54 34 63
34 76 34 83
34 108 34 117
34 118 34 125
34 126 34 135
34 136 34 143
34 144 34 155
34 156 34 167
34 168 34 176
34 177 34 184
34 185 34 195
34 196 34 204
34 205 34 213
34 214 34 225
34 238 34 249
35 0 35 10
35 11 35 21
35 22 35 30
35 31 35 42
35 43 35 50
35 51 35 59
35 60 35 69
35 70 35 80
35 81 35 90
35 91 35 98
35 99 35 109
35 110 35 117
35 118 35 127
35 128 35 138
35 139 35 146
35 147 35 155
35 156 35 163
35 164 35 172
35 173 35 180
35 193 35 200
35 201 35 210
35 211 35 219
35 220 35 230
35 231 35 240
35 241 35 248
36 0 36 7
36 20 36 28
36 29 36 36
36 37 36 48
36 49 36 58
36 59 36 66
36 91 36 99
36 100 36 111
36 112 36 120
36 121 36 128
36 129 36 139
36 140 36 147
36 148 36 157
36 158 36 167
36 168 36 179
36 180 36 191
36 192 36 200
36 201 36 212
36 213 36 220
36 233 36 241
37 0 37 8
37 21 37 32
37 33 37 40
37 41 37 50
37 51 37 62
37 75 37 82
37 83 37 90
37 91 37 98
37 99 37 107
37 108 37 116
37 117 37 125
37 126 37 136
37 137 37 144
37 145 37 153
37 154 37 165
37 166 37 175
37 176 37 184
37 185 37 194
37 195 37 203
37 204 37 211
37 212 37 219
37 232 37 241
38 0 38 10
38 11 38 18
38 19 38 30
38 31 38 39
38 40 38 47
38 48 38 56
38 57 38 66
38 67 38 76
38 89 38 96
38 97 38 105
38 118 38 126
38 127 38 135
38 136 38 146
38 159 38 167
38 180 38 189
38 190 38 197
38 198 38 206
38 207 38 217
38 218 38 229
38 230 38 239
38 240 38 247
39 12 39 20
39 21 39 28
39 41 39 48
39 49 39 57
39 82 39 90
39 91 39 102
39 103 39 112
39 113 39 120
39 121 39 128
39 129 39 139
39 140 39 149
39 150 39 160
39 161 39 170
39 171 39 181
39 182 39 191
39 192 39 201
39 214 39 221
39 222 39 231
39 232 39 243
40 12 40 20
40 45 40 55
40 68 40 76
40 77 40 87
40 88 40 96
40 97 40 108
40 133 40 141
40 142 40 150
40 151 40 158
40 159 40 167
40 168 40 179
40 180 40 189
40 190 40 197
40 198 40 205
40 206 40 216
40 217 40 225
40 238 40 247
41 0 41 9
41 10 41 21
41 22 41 30
41 31 41 39
41 40 41 47
41 48 41 56
41 57 41 65
41 66 41 77
41 78 41 88
41 89 41 96
41 97 41 106
41 107 41 115
41 116 41 125
41 138 41 148
41 149 41 156
41 157 41 164
41 165 41 175
41 176 41 183
41 184 41 191
41 192 41 200
41 213 41 222
41 223 41 231
41 232 41 240
42 0 42 8
42 21 42 28
42 29 42 36
42 49 42 56
42 57 42 64
42 77 42 84
42 85 42 95
42 96 42 105
42 106 42 116
42 117 42 125
42 126 42 135
42 136 42 145
42 146 42 153
42 154 42 163
42 164 42 173
42 186 42 196
42 197 42 206
42 207 42 217
42 218 42 225
42 226 42 233
42 234 42 241
43 0 43 8
43 9 43 17
43 30 43 41
43 42 43 51
43 52 43 59
43 72 43 80
43 81 43 91
43 92 43 99
43 100 43 107
43 108 43 116
43 129 43 137
43 138 43 149
43 150 43 161
43 162 43 169
43 182 43 193
43 194 43 204
43 205 43 212
43 225 43 235
43 236 43 244
44 0 44 9
44 22 44 30
44 31 44 41
44 42 44 50
44 51 44 59
44 60 44 69
44 70 44 80
44 81 44 91
44 92 44 100
44 101 44 110
44 111 44 118
44 119 44 128
44 129 44 138
44 151 44 159
44 160 44 169
44 170 44 177
44 178 44 187
44 188 44 195
44 196 44 203
44 204 44 212
44 213 44 220
44 221 44 231
44 232 44 243
45 0 45 10
45 11 45 18
45 19 45 26
45 27 45 35
45 36 45 43
45 44 45 53
45 54 45 64
45 65 45 76
45 77 45 86
45 87 45 97
45 98 45 105
45 106 45 117
45 118 45 127
45 128 45 138
45 139 45 146
45 147 45 156
45 157 45 164
45 165 45 172
45 173 45 181
45 182 45 190
45 191 45 198
45 199 45 207
45 208 45 219
45 220 45 228
45 229 45 236
46 12 46 20
46 21 46 29
46 30 46 39
46 40 46 49
46 62 46 69
46 70 46 78
46 91 46 100
46 113 46 122
46 123 46 131
46 132 46 142
46 143 46 150
46 151 46 159
46 172 46 183
46 184 46 191
46 192 46 202
46 203 46 210
46 211 46 220
46 221 46 229
46 230 46 237
46 238 46 247
47 0 47 7
47 8 47 15
47 16 47 23
47 24 47 32
47 69 47 77
47 78 47 85
47 86 47 95
47 96 47 106
47 107 47 114
47 115 47 123
47 124 47 133
47 134 47 145
47 146 47 154
47 155 47 164
47 165 47 172
47 173 47 182
47 183 47 191
47 192 47 200
47 213 47 220
47 221 47 228
47 229 47 240
48 12 48 23
48 24 48 33
48 34 48 41
48 42 48 52
48 53 48 61
48 62 48 73
48 74 48 81
48 82 48 91
48 92 48 99
48 100 48 109
48 122 48 129
48 130 48 138
48 151 48 158
48 171 48 179
48 180 48 187
48 188 48 199
48 200 48 207
48 208 48 219
48 220 48 227
48 228 48 235
48 236 48 243
49 0 49 7
49 8 49 16
49 17 49 26
49 27 49 35
49 72 49 79
49 92 49 100
49 101 49 110
49 111 49 119
49 120 49 127
49 128 49 136
49 137 49 145
49 146 49 153
49 154 49 161
49 162 49 169
49 170 49 178
49 179 49 186
49 187 49 198
49 199 49 206
49 207 49 215
49 216 49 225
49 226 49 235
49 236 49 244
50 0 50 8
50 21 50 29
50 30 50 38
50 39 50 47
50 48 50 57
50 58 50 68
50 69 50 77
50 78 50 86
50 87 50 98
50 99 50 108
50 109 50 120
50 121 50 130
50 131 50 138
50 139 50 150
50 151 50 159
50 160 50 167
50 168 50 176
50 177 50 186
50 187 50 195
50 196 50 205
50 206 50 213
50 214 50 225
50 226 50 235
50 236 50 243
51 0 51 7
51 8 51 19
51 20 51 27
51 28 51 38
51 39 51 46
51 47 51 55
51 68 51 76
51 89 51 96
51 97 51 108
51 109 51 116
51 117 51 125
51 126 51 134
51 135 51 143
51 144 51 152
51 153 51 164
51 165 51 174
51 175 51 182
51 183 51 190
51 191 51 198
51 199 51 207
51 208 51 215
51 216 51 223
51 224 51 232
51 233 51 242
52 0 52 9
52 10 52 19
52 20 52 30
52 31 52 38
52 51 52 61
52 62 52 69
52 70 52 81
52 82 52 92
52 93 52 103
52 104 52 111
52 112 52 122
52 123 52 133
52 146 52 154
52 155 52 164
52 165 52 175
52 200 52 207
52 208 52 215
52 216 52 224
53 0 53 8
53 9 53 18
53 19 53 26
53 27 53 34
53 35 53 43
53 44 53 54
53 55 53 62
53 63 53 70
53 71 53 78
53 79 53 86
53 87 53 95
53 96 53 105
53 106 53 117
53 118 53 126
53 127 53 135
53 136 53 145
53 146 53 153
53 178 53 186
53 187 53 197
53 198 53 206
53 207 53 214
53 215 53 223
53 224 53 235
53 236 53 244
54 0 54 8
54 9 54 20
54 21 54 30
54 31 54 39
54 40 54 47
54 48 54 55
54 68 54 77
54 78 54 85
54 86 54 95
54 96 54 107
54 120 54 131
54 132 54 140
54 141 54 149
54 150 54 159
54 160 54 168
54 169 54 176
54 189 54 196
54 209 54 217
54 218 54 229
55 0 55 8
55 9 55 19
55 20 55 31
55 32 55 41
55 42 55 53
55 54 55 62
55 63 55 73
55 86 55 95
55 96 55 107
55 120 55 130
55 131 55 138
55 139 55 150
55 151 55 158
55 159 55 166
55 167 55 174
55 175 55 185
55 186 55 197
55 210 55 217
55 218 55 226
55 239 55 246
56 0 56 7
56 8 56 17
56 30 56 39
56 40 56 49
56 50 56 59
56 60 56 68
56 69 56 79
56 80 56 87
56 88 56 95
56 96 56 104
56 105 56 113
56 114 56 123
56 124 56 133
56 146 56 155
56 156 56 165
56 166 56 174
56 175 56 184
56 185 56 192
56 205 56 215
56 216 56 223
56 224 56 231
57 0 57 8
57 9 57 17
57 18 57 29
57 30 57 38
57 39 57 47
57 48 57 59
57 60 57 70
57 71 57 78
57 79 57 86
57 87 57 95
57 96 57 105
57 118 57 126
57 127 57 136
57 149 57 157
57 158 57 169
57 170 57 178
57 179 57 186
57 187 57 196
57 197 57 208
57 209 57 216
57 217 57 228
57 229 57 237
57 238 57 246
58 0 58 9
58 10 58 20
58 21 58 32
58 33 58 41
58 42 58 50
58 51 58 62
58 63 58 70
58 71 58 78
58 79 58 88
58 89 58 99
58 100 58 108
58 109 58 120
58 121 58 130
58 143 58 153
58 154 58 161
58 162 58 173
58 174 58 184
58 185 58 192
58 193 58 200
58 201 58 210
58 211 58 218
58 219 58 227
58 228 58 235
58 236 58 245
59 0 59 7
59 8 59 15
59 16 59 27
59 28 59 38
59 39 59 50
59 51 59 58
59 59 59 66
59 67 59 76
59 89 59 96
59 97 59 105
59 106 59 113
59 114 59 121
59 122 59 132
59 133 59 143
59 144 59 152
59 153 59 163
59 164 59 175
59 176 59 184
59 185 59 194
59 231 59 240
59 241 59 248
60 12 60 20
60 21 60 29
60 30 60 40
60 41 60 51
60 52 60 62
60 63 60 72
60 73 60 80
60 81 60 90
60 103 60 110
60 123 60 130
60 131 60 140
60 141 60 151
60 152 60 160
60 161 60 169
60 170 60 179
60 192 60 200
60 201 60 212
60 213 60 221
60 222 60 229
60 230 60 237
60 238 60 245
61 0 61 10
61 11 61 18
61 19 61 27
61 40 61 48
61 49 61 58
61 59 61 67
61 68 61 77
61 90 61 97
61 98 61 105
61 106 61 114
61 115 61 126
61 127 61 137
61 138 61 147
61 148 61 157
61 158 61 165
61 166 61 173
61 186 61 194
61 195 61 205
61 206 61 214
61 215 61 226
61 227 61 234
61 235 61 245
62 0 62 8
62 9 62 16
62 17 62 26
62 27 62 36
62 37 62 44
62 45 62 53
62 54 62 61
62 62 62 69
62 82 62 91
62 92 62 99
62 100 62 110
62 111 62 118
62 131 62 142
62 143 62 150
62 151 62 159
62 160 62 169
62 182 62 191
62 204 62 211
62 212 62 220
62 221 62 230
62 231 62 241
63 12 63 19
63 20 63 30
63 31 63 40
63 41 63 50
63 51 63 58
63 59 63 66
63 91 63 99
63 100 63 110
63 111 63 120
63 121 63 128
63 129 63 136
63 149 63 156
63 157 63 164
63 165 63 176
63 189 63 196
63 209 63 218
63 219 63 226
63 227 63 235
63 236 63 247
64 0 64 11
64 12 64 23
64 36 64 47
64 48 64 56
64 57 64 64
64 89 64 96
64 97 64 104
64 105 64 115
64 116 64 125
64 126 64 135
64 136 64 144
64 145 64 152
64 177 64 184
64 185 64 196
64 197 64 204
64 217 64 225
64 238 64 248
65 0 65 11
65 24 65 32
65 33 65 42
65 43 65 50
65 51 65 58
65 71 65 78
65 79 65 86
65 87 65 97
65 98 65 105
65 106 65 114
65 115 65 123
65 124 65 132
65 133 65 143
65 144 65 153
65 154 65 163
65 164 65 172
65 173 65 180
65 181 65 188
65 189 65 196
65 197 65 205
65 206 65 215
65 228 65 235
65 236 65 244
66 0 66 8
66 9 66 20
66 21 66 28
66 29 66 37
66 38 66 47
66 72 66 82
66 83 66 90
66 103 66 112
66 113 66 120
66 121 66 128
66 129 66 136
66 137 66 146
66 147 66 154
66 155 66 162
66 163 66 172
66 173 66 183
66 184 66 191
66 204 66 212
66 213 66 223
66 224 66 235
67 0 67 9
67 10 67 18
67 19 67 28
67 29 67 36
67 37 67 44
67 45 67 54
67 55 67 63
67 64 67 74
67 75 67 86
67 87 67 95
67 96 67 106
67 107 67 114
67 115 67 123
67 124 67 135
67 136 67 146
67 147 67 155
67 156 67 163
67 188 67 195
67 196 67 204
67 205 67 212
67 213 67 221
67 222 67 232
67 233 67 242
68 0 68 8
68 9 68 17
68 18 68 27
68 40 68 48
68 49 68 56
68 57 68 65
68 66 68 73
68 74 68 81
68 94 68 102
68 103 68 111
68 112 68 120
68 121 68 130
68 143 68 150
68 163 68 171
68 184 68 191
68 192 68 199
68 200 68 207
68 208 68 217
68 218 68 228
69 0 69 8
69 21 69 28
69 29 69 38
69 39 69 48
69 49 69 56
69 57 69 64
69 65 69 75
69 76 69 86
69 99 69 109
69 122 69 129
69 130 69 138
69 139 69 150
69 151 69 158
69 159 69 167
69 168 69 175
69 176 69 184
69 185 69 194
69 195 69 202
69 203 69 211
69 212 69 221
69 222 69 229
69 230 69 239
69 240 69 247
70 0 70 7
70 8 70 15
70 16 70 25
70 26 70 35
70 36 70 46
70 47 70 58
70 59 70 69
70 70 70 77
70 78 70 88
70 89 70 97
70 98 70 105
70 106 70 115
70 116 70 126
70 127 70 138
70 139 70 146
70 147 70 157
70 170 70 180
70 181 70 188
70 189 70 196
70 197 70 206
70 207 70 215
70 216 70 224
70 225 70 233
71 0 71 10
71 11 71 19
71 32 71 40
71 41 71 49
71 50 71 57
71 58 71 67
71 68 71 76
71 77 71 85
71 86 71 95
71 96 71 107
71 108 71 118
71 119 71 128
71 129 71 138
71 139 71 148
71 149 71 160
71 161 71 172
71 173 71 181
71 182 71 191
71 192 71 200
71 225 71 236
71 237 71 244
72 0 72 11
72 12 72 20
72 21 72 28
72 29 72 38
72 39 72 50
72 51 72 59
72 60 72 70
72 71 72 78
72 79 72 87
72 88 72 96
72 97 72 105
72 106 72 116
72 117 72 127
72 128 72 136
72 137 72 146
72 159 72 170
72 171 72 178
72 179 72 187
72 188 72 196
72 197 72 205
72 206 72 213
72 214 72 222
72 223 72 230
72 231 72 241
72 242 72 249
73 0 73 10
73 11 73 18
73 19 73 26
73 27 73 35
73 72 73 81
73 82 73 92
73 93 73 104
73 105 73 112
73 113 73 122
73 123 73 130
73 131 73 138
73 139 73 146
73 171 73 179
73 180 73 188
73 189 73 197
73 198 73 205
73 206 73 214
73 215 73 223
73 224 73 232
73 233 73 243
74 0 74 11
74 12 74 20
74 21 74 28
74 29 74 36
74 37 74 44
74 45 74 52
74 53 74 63
74 64 74 72
74 73 74 80
74 81 74 88
74 101 74 109
74 110 74 118
74 119 74 129
74 130 74 137
74 138 74 145
74 146 74 156
74 157 74 167
74 168 74 177
74 178 74 185
74 186 74 197
74 198 74 205
74 206 74 213
74 226 74 235
74 236 74 243
75 0 75 8
75 9 75 16
75 29 75 38
75 39 75 49
75 50 75 57
75 58 75 68
75 69 75 80
75 81 75 91
75 116 75 124
75 125 75 134
75 135 75 143
75 156 75 166
75 167 75 178
75 179 75 186
75 187 75 195
75 196 75 205
75 206 75 215
75 228 75 235
75 236 75 246
76 0 76 9
76 10 76 21
76 22 76 31
76 32 76 40
76 53 76 61
76 62 76 70
76 71 76 79
76 92 76 101
76 102 76 110
76 111 76 120
76 121 76 130
76 131 76 139
76 140 76 148
76 149 76 156
76 157 76 166
76 191 76 198
76 199 76 209
76 210 76 220
76 221 76 229
76 230 76 240
76 241 76 249
77 0 77 8
77 9 77 18
77 19 77 29
77 30 77 38
77 39 77 46
77 47 77 55
77 56 77 65
77 66 77 73
77 74 77 83
77 84 77 91
77 92 77 100
77 125 77 132
77 133 77 142
77 155 77 163
77 164 77 174
77 175 77 182
77 183 77 190
77 191 77 201
77 202 77 210
77 223 77 232
77 233 77 243
78 0 78 7
78 8 78 19
78 20 78 28
78 29 78 37
78 38 78 45
78 46 78 53
78 54 78 63
78 64 78 73
78 74 78 82
78 83 78 91
78 92 78 101
78 102 78 110
78 123 78 130
78 131 78 138
78 139 78 146
78 159 78 167
78 168 78 175
78 176 78 183
78 184 78 191
78 192 78 202
78 203 78 210
78 223 78 234
78 235 78 244
79 0 79 10
79 11 79 20
79 21 79 30
79 31 79 38
79 39 79 50
79 51 79 59
79 60 79 68
79 81 79 91
79 104 79 113
79 114 79 121
79 122 79 132
79 133 79 141
79 142 79 150
79 163 79 171
79 184 79 193
79 206 79 213
79 214 79 223
79 224 79 231
79 232 79 242
80 0 80 9
80 22 80 32
80 33 80 43
80 44 80 52
80 53 80 60
80 73 80 83
80 84 80 92
80 93 80 102
80 103 80 111
80 136 80 143
80 168 80 175
80 176 80 184
80 185 80 192
80 193 80 201
80 202 80 212
80 213 80 220
80 221 80 229
81 0 81 7
81 8 81 15
81 16 81 23
81 24 81 31
81 32 81 41
81 42 81 53
81 54 81 62
81 63 81 70
81 71 81 82
81 83 81 90
81 91 81 98
81 99 81 107
81 108 81 117
81 118 81 128
81 129 81 137
81 150 81 161
81 162 81 171
81 172 81 179
81 180 81 187
81 200 81 208
81 221 81 229
82 0 82 7
82 8 82 16
82 17 82 26
82 27 82 35
82 36 82 43
82 44 82 51
82 52 82 59
82 60 82 67
82 68 82 76
82 77 82 85
82 86 82 97
82 98 82 105
82 106 82 117
82 118 82 125
82 126 82 134
82 135 82 145
82 146 82 154
82 167 82 174
82 175 82 182
82 195 82 204
82 205 82 213
82 214 82 224
82 225 82 232
83 0 83 7
83 8 83 15
83 28 83 35
83 36 83 43
83 44 83 53
83 54 83 61
83 62 83 69
83 70 83 79
83 80 83 87
83 88 83 97
83 98 83 105
83 106 83 116
83 117 83 125
83 126 83 134
83 135 83 143
83 144 83 155
83 168 83 176
83 177 83 184
83 185 83 192
83 193 83 200
83 213 83 222
83 223 83 232
83 233 83 242
84 0 84 11
84 12 84 19
84 20 84 29
84 42 84 49
84 86 84 94
84 95 84 103
84 104 84 115
84 128 84 136
84 149 84 157
84 158 84 168
84 169 84 177
84 202 84 212
84 213 84 222
84 235 84 242
85 12 85 22
85 23 85 32
85 33 85 40
85 41 85 52
85 53 85 61
85 62 85 70
85 71 85 78
85 79 85 89
85 90 85 100
85 101 85 112
85 125 85 132
85 133 85 140
85 141 85 150
85 151 85 158
85 159 85 168
85 169 85 176
85 177 85 184
85 185 85 196
85 197 85 205
85 206 85 213
85 214 85 222
85 223 85 230
85 231 85 238
85 239 85 247
86 0 86 7
86 8 86 15
86 16 86 24
86 25 86 32
86 33 86 41
86 42 86 50
86 51 86 58
86 59 86 66
86 79 86 89
86 90 86 98
86 99 86 108
86 109 86 116
86 117 86 126
86 127 86 137
86 138 86 145
86 146 86 155
86 180 86 187
86 188 86 199
86 200 86 210
86 211 86 219
86 220 86 231
86 232 86 240
87 0 87 9
87 22 87 30
87 31 87 40
87 41 87 48
87 49 87 59
87 60 87 67
87 68 87 75
87 76 87 86
87 87 87 95
87 96 87 104
87 105 87 116
87 129 87 138
87 151 87 158
87 159 87 167
87 168 87 175
87 176 87 183
87 184 87 195
87 196 87 207
87 208 87 216
87 217 87 227
87 228 87 235
87 236 87 244
88 0 88 9
88 10 88 21
88 34 88 41
88 42 88 50
88 51 88 62
88 63 88 72
88 73 88 82
88 95 88 103
88 116 88 126
88 127 88 138
88 139 88 149
88 150 88 159
88 160 88 171
88 172 88 181
88 182 88 191
88 192 88 202
88 215 88 225
88 226 88 233
88 234 88 242
89 0 89 9
89 22 89 30
89 43 89 51
89 64 89 72
89 73 89 81
89 82 89 91
89 92 89 99
89 100 89 110
89 111 89 121
89 122 89 130
89 143 89 152
89 153 89 161
89 162 89 169
89 170 89 180
89 181 89 189
89 190 89 198
89 211 89 222
89 223 89 231
89 232 89 240
89 241 89 248
90 0 90 11
90 24 90 32
90 33 90 40
90 41 90 51
90 52 90 59
90 60 90 69
90 70 90 77
90 78 90 86
90 87 90 96
90 97 90 105
90 106 90 113
90 114 90 121
90 122 90 131
90 132 90 141
90 154 90 161
90 162 90 170
90 171 90 179
90 180 90 188
90 189 90 196
90 197 90 204
90 229 90 237
90 238 90 248
91 0 91 7
91 8 91 15
91 16 91 24
91 25 91 32
91 33 91 41
91 42 91 49
91 50 91 59
91 60 91 68
91 69 91 77
91 78 91 87
91 88 91 97
91 98 91 105
91 106 91 114
91 115 91 124
91 125 91 133
91 134 91 141
91 142 91 151
91 164 91 173
91 186 91 197
91 198 91 205
91 206 91 217
91 218 91 227
91 228 91 237
91 238 91 247
92 0 92 8
92 33 92 40
92 41 92 48
92 49 92 57
92 58 92 66
92 67 92 76
92 77 92 84
92 85 92 92
92 93 92 101
92 102 92 112
92 113 92 124
92 125 92 136
92 149 92 157
92 158 92 166
92 167 92 175
92 176 92 183
92 184 92 192
92 193 92 200
92 201 92 208
92 209 92 216
93 0 93 11
93 12 93 19
93 20 93 27
93 28 93 35
93 36 93 43
93 44 93 52
93 53 93 63
93 64 93 71
93 84 93 92
93 93 93 101
93 102 93 109
93 110 93 118
93 119 93 129
93 130 93 139
93 140 93 150
93 151 93 160
93 161 93 169
93 170 93 179
93 192 93 199
93 200 93 207
93 208 93 216
93 217 93 224
94 0 94 7
94 8 94 15
94 16 94 23
94 36 94 43
94 44 94 51
94 52 94 60
94 61 94 71
94 72 94 83
94 84 94 93
94 106 94 114
94 115 94 122
94 123 94 131
94 132 94 139
94 140 94 147
94 148 94 155
94 156 94 166
94 167 94 175
94 176 94 183
94 184 94 191
94 192 94 201
94 202 94 212
94 213 94 222
94 223 94 230
94 231 94 238
94 239 94 247
95 0 95 8
95 9 95 16
95 17 95 24
95 25 95 32
95 33 95 42
95 43 95 50
95 51 95 58
95 59 95 68
95 69 95 78
95 79 95 86
95 87 95 94
95 107 95 114
95 115 95 123
95 124 95 134
95 135 95 144
95 145 95 155
95 168 95 176
95 189 95 197
95 198 95 207
95 208 95 216
95 217 95 228
95 229 95 237
95 238 95 246
96 0 96 9
96 10 96 19
96 20 96 27
96 28 96 37
96 38 96 49
96 50 96 59
96 72 96 79
96 80 96 88
96 89 96 96
96 97 96 104
96 105 96 112
96 125 96 132
96 145 96 153
96 154 96 161
96 162 96 170
96 171 96 179
96 180 96 190
96 203 96 210
96 211 96 221
96 222 96 229
96 230 96 238
96 239 96 246
97 12 97 19
97 20 97 31
97 44 97 51
97 52 97 60
97 61 97 68
97 69 97 79
97 80 97 90
97 91 97 102
97 115 97 124
97 125 97 132
97 133 97 140
97 141 97 148
97 161 97 171
97 172 97 182
97 183 97 190
97 191 97 199
97 200 97 207
97 220 97 229
97 230 97 240
98 0 98 10
98 11 98 19
98 20 98 31
98 32 98 39
98 40 98 51
98 52 98 59
98 60 98 68
98 69 98 76
98 77 98 84
98 85 98 93
98 106 98 113
98 114 98 125
98 126 98 135
98 136 98 145
98 146 98 154
98 155 98 164
98 165 98 172
98 173 98 184
98 185 98 193
98 194 98 201
98 214 98 222
98 223 98 230
98 231 98 242
99 0 99 8
99 21 99 31
99 32 99 39
99 40 99 49
99 50 99 58
99 59 99 70
99 83 99 91
99 92 99 103
99 104 99 112
99 113 99 123
99 124 99 134
99 135 99 142
99 143 99 151
99 152 99 159
99 160 99 167
99 168 99 176
99 177 99 185
99 198 99 205
99 206 99 214
99 215 99 225
99 238 99 249
100 0 100 7
100 8 100 16
100 17 100 27
100 28 100 37
100 50 100 59
100 60 100 68
100 69 100 76
100 77 100 84
100 85 100 95
100 96 100 105
100 118 100 125
100 126 100 133
100 134 100 144
100 145 100 152
100 153 100 160
100 161 100 168
100 169 100 178
100 179 100 189
100 190 100 197
100 198 100 206
100 219 100 229
100 230 100 237
100 238 100 245
101 0 101 10
101 11 101 20
101 21 101 28
101 29 101 37
101 38 101 47
101 48 101 58
101 59 101 66
101 67 101 75
101 76 101 85
101 86 101 96
101 97 101 106
101 107 101 115
101 116 101 126
101 127 101 135
101 136 101 143
101 156 101 167
101 168 101 177
101 202 101 213
101 214 101 221
101 234 101 242
102 0 102 10
102 11 102 20
102 21 102 29
102 30 102 40
102 41 102 48
102 49 102 56
102 57 102 64
102 77 102 85
102 86 102 94
102 107 102 116
102 117 102 126
102 127 102 136
102 137 102 144
102 145 102 155
102 156 102 165
102 166 102 175
102 176 102 185
102 186 102 194
102 195 102 206
102 207 102 215
102 216 102 224
102 225 102 236
102 237 102 244
103 0 103 8
103 9 103 20
103 21 103 31
103 32 103 39
103 40 103 47
103 48 103 56
103 57 103 65
103 66 103 76
103 77 103 85
103 86 103 96
103 133 103 141
103 142 103 150
103 151 103 162
103 163 103 172
103 173 103 180
103 205 103 212
103 213 103 221
103 222 103 231
103 232 103 240
103 241 103 249
104 12 104 20
104 21 104 30
104 31 104 40
104 41 104 48
104 49 104 56
104 69 104 79
104 80 104 87
104 88 104 96
104 97 104 105
104 106 104 115
104 116 104 124
104 125 104 132
104 133 104 140
104 141 104 148
104 149 104 159
104 160 104 169
104 170 104 181
104 182 104 189
104 190 104 198
104 199 104 207
104 208 104 216
104 217 104 225
104 226 104 234
104 235 104 243
105 0 105 9
105 10 105 18
105 19 105 26
105 27 105 38
105 39 105 48
105 49 105 57
105 58 105 66
105 79 105 89
105 90 105 98
105 99 105 109
105 110 105 117
105 118 105 128
105 129 105 137
105 138 105 145
105 146 105 157
105 158 105 166
105 167 105 178
105 179 105 186
105 187 105 198
105 211 105 222
105 235 105 245
106 0 106 7
106 20 106 27
106 28 106 35
106 36 106 44
106 45 106 52
106 53 106 64
106 77 106 84
106 85 106 93
106 94 106 102
106 103 106 110
106 111 106 121
106 122 106 129
106 130 106 141
106 142 106 153
106 154 106 164
106 177 106 184
106 185 106 193
106 194 106 201
106 214 106 224
106 225 106 233
106 234 106 244
107 0 107 8
107 9 107 18
107 19 107 30
107 31 107 41
107 42 107 53
107 54 107 61
107 62 107 71
107 72 107 79
107 80 107 88
107 89 107 96
107 97 107 107
107 108 107 117
107 118 107 126
107 127 107 134
107 147 107 156
107 157 107 168
107 169 107 179
107 180 107 188
107 201 107 208
107 209 107 218
107 219 107 229
107 230 107 240
107 241 107 248
108 0 108 9
108 46 108 53
108 54 108 61
108 62 108 71
108 72 108 82
108 83 108 90
108 91 108 98
108 99 108 106
108 107 108 114
108 115 108 125
108 138 108 147
108 148 108 158
108 159 108 168
108 169 108 178
108 179 108 186
108 187 108 196
108 197 108 207
108 208 108 215
108 216 108 223
108 224 108 231
108 232 108 242
109 0 109 7
109 8 109 16
109 17 109 24
109 25 109 33
109 34 109 41
109 42 109 49
109 50 109 57
109 58 109 68
109 69 109 76
109 77 109 88
109 89 109 98
109 99 109 108
109 109 109 119
109 120 109 130
109 131 109 140
109 141 109 148
109 149 109 157
109 158 109 166
109 167 109 178
109 179 109 187
109 188 109 197
109 210 109 219
109 220 109 230
109 231 109 238
109 239 109 246
110 0 110 7
110 8 110 16
110 17 110 25
110 26 110 36
110 37 110 44
110 45 110 52
110 53 110 61
110 86 110 94
110 95 110 102
110 115 110 122
110 123 110 133
110 134 110 143
110 156 110 164
110 165 110 175
110 176 110 185
110 186 110 194
110 195 110 202
110 203 110 210
110 223 110 230
111 12 111 22
111 23 111 33
111 34 111 43
111 44 111 52
111 53 111 64
111 65 111 74
111 75 111 83
111 96 111 103
111 104 111 111
111 112 111 120
111 121 111 130
111 131 111 139
111 140 111 149
111 162 111 173
111 174 111 183
111 184 111 191
111 192 111 199
111 200 111 207
111 220 111 230
111 231 111 240
112 0 112 8
112 9 112 16
112 17 112 28
112 29 112 40
112 41 112 49
112 50 112 58
112 59 112 67
112 68 112 78
112 79 112 89
112 90 112 101
112 102 112 111
112 112 112 120
112 121 112 130
112 131 112 138
112 139 112 146
112 147 112 155
112 156 112 165
112 166 112 173
112 174 112 184
112 185 112 195
112 196 112 203
112 204 112 215
112 216 112 226
112 227 112 235
112 236 112 243
113 0 113 7
113 8 113 19
113 20 113 27
113 28 113 35
113 48 113 59
113 60 113 67
113 68 113 77
113 78 113 87
113 88 113 98
113 99 113 107
113 108 113 118
113 119 113 126
113 127 113 135
113 160 113 169
113 170 113 179
113 180 113 187
113 200 113 207
113 208 113 216
113 217 113 225
113 226 113 233
113 234 113 242
114 0 114 9
114 10 114 17
114 18 114 27
114 28 114 36
114 37 114 45
114 46 114 56
114 57 114 64
114 65 114 72
114 73 114 81
114 82 114 89
114 90 114 97
114 98 114 106
114 107 114 114
114 115 114 122
114 123 114 132
114 133 114 141
114 142 114 151
114 164 114 172
114 173 114 180
114 181 114 190
114 191 114 200
114 201 114 208
114 209 114 217
115 0 115 7
115 8 115 16
115 17 115 24
115 25 115 32
115 33 115 40
115 41 115 51
115 52 115 61
115 62 115 69
115 82 115 89
115 90 115 98
115 99 115 106
115 107 115 114
115 115 115 124
115 125 115 132
115 133 115 143
115 144 115 151
115 152 115 159
115 172 115 179
115 180 115 189
115 190 115 200
115 213 115 223
115 224 115 232
116 36 116 47
116 48 116 58
116 59 116 67
116 68 116 78
116 79 116 86
116 87 116 97
116 98 116 106
116 107 116 115
116 116 116 123
116 124 116 131
116 132 116 141
116 142 116 151
116 152 116 162
116 163 116 173
116 174 116 185
116 186 116 193
116 194 116 204
116 229 116 239
117 0 117 11
117 12 117 19
117 32 117 41
117 54 117 61
117 62 117 69
117 70 117 79
117 80 117 87
117 100 117 108
117 121 117 129
117 142 117 149
117 150 117 158
117 159 117 168
117 169 117 179
117 180 117 188
117 189 117 196
117 197 117 207
117 208 117 216
117 217 117 224
117 225 117 233
117 234 117 244
118 0 118 8
118 9 118 18
118 19 118 30
118 43 118 51
118 52 118 60
118 61 118 68
118 69 118 78
118 79 118 86
118 99 118 107
118 108 118 116
118 117 118 125
118 126 118 133
118 134 118 141
118 142 118 150
118 151 118 158
118 159 118 167
118 168 118 175
118 176 118 185
118 186 118 194
118 195 118 203
118 204 118 214
118 215 118 223
118 224 118 231
118 232 118 242
119 12 119 19
119 20 119 27
119 28 119 39
119 40 119 48
119 49 119 56
119 57 119 66
119 67 119 74
119 75 119 83
119 84 119 93
119 94 119 101
119 102 119 111
119 124 119 132
119 133 119 142
119 143 119 153
119 178 119 186
119 187 119 194
119 195 119 202
119 203 119 210
119 211 119 220
119 221 119 229
119 230 119 237
119 238 119 249
120 0 120 8
120 9 120 17
120 18 120 27
120 28 120 37
120 38 120 48
120 49 120 57
120 58 120 68
120 69 120 78
120 79 120 87
120 88 120 95
120 96 120 105
120 118 120 125
120 126 120 137
120 138 120 146
120 159 120 170
120 171 120 180
120 181 120 190
120 191 120 199
120 200 120 207
120 208 120 217
120 218 120 227
120 228 120 236
120 237 120 244
121 0 121 8
121 9 121 17
121 30 121 40
121 41 121 50
121 63 121 70
121 71 121 82
121 83 121 90
121 91 121 102
121 103 121 110
121 111 121 119
121 120 121 127
121 140 121 151
121 152 121 161
121 186 121 196
121 197 121 204
121 205 121 215
121 216 121 225
121 226 121 234
121 235 121 242
122 12 122 21
122 22 122 30
122 43 122 52
122 53 122 60
122 61 122 68
122 69 122 78
122 79 122 86
122 87 122 95
122 108 122 116
122 117 122 124
122 125 122 134
122 135 122 143
122 156 122 164
122 165 122 173
122 186 122 195
122 196 122 203
122 204 122 215
122 216 122 225
122 226 122 235
122 236 122 245
123 12 123 20
123 21 123 32
123 33 123 44
123 45 123 52
123 53 123 63
123 64 123 71
123 84 123 94
123 95 123 104
123 105 123 112
123 113 123 122
123 135 123 146
123 171 123 179
123 180 123 187
123 188 123 196
123 197 123 205
123 206 123 213
123 226 123 236
124 0 124 7
124 8 124 18
124 31 124 38
124 51 124 59
124 60 124 70
124 71 124 80
124 81 124 91
124 92 124 103
124 104 124 115
124 116 124 126
124 127 124 137
124 138 124 147
124 148 124 156
124 157 124 164
124 165 124 172
124 185 124 192
124 205 124 216
124 229 124 238
124 239 124 247
125 0 125 10
125 11 125 19
125 20 125 27
125 28 125 35
125 36 125 43
125 80 125 87
125 88 125 98
125 99 125 107
125 108 125 116
125 117 125 127
125 128 125 136
125 137 125 146
125 147 125 157
125 158 125 167
125 180 125 190
125 191 125 198
125 199 125 208
125 209 125 217
125 230 125 237
126 12 126 22
126 23 126 34
126 35 126 45
126 46 126 53
126 54 126 61
126 62 126 73
126 74 126 83
126 84 126 91
126 92 126 102
126 103 126 111
126 136 126 146
126 147 126 155
126 156 126 166
126 179 126 187
126 188 126 196
126 197 126 204
126 205 126 214
126 215 126 223
126 236 126 243
127 0 127 9
127 10 127 19
127 20 127 28
127 29 127 36
127 37 127 48
127 49 127 58
127 59 127 69
127 70 127 79
127 92 127 101
127 102 127 110
127 111 127 119
127 120 127 128
127 129 127 137
127 138 127 145
127 146 127 154
127 155 127 165
127 166 127 174
127 175 127 185
127 186 127 194
127 207 127 214
127 215 127 222
127 223 127 231
127 232 127 239
127 240 127 249
128 0 128 7
128 8 128 15
128 16 128 23
128 24 128 31
128 32 128 39
128 40 128 51
128 52 128 62
128 63 128 72
128 73 128 83
128 84 128 92
128 93 128 102
128 103 128 110
128 111 128 119
128 132 128 139
128 140 128 149
128 150 128 157
128 170 128 178
128 179 128 187
128 188 128 196
128 197 128 207
128 208 128 216
128 217 128 225
128 238 128 249
129 24 129 31
129 32 129 40
129 41 129 50
129 51 129 60
129 61 129 71
129 84 129 92
129 93 129 100
129 101 129 109
129 110 129 121
129 158 129 166
129 167 129 177
129 178 129 185
129 186 129 194
129 195 129 202
129 203 129 211
129 212 129 219
129 220 129 228
129 229 129 236
129 237 129 246
130 0 130 8
130 9 130 17
130 30 130 38
130 39 130 48
130 49 130 57
130 58 130 65
130 90 130 98
130 99 130 108
130 109 130 117
130 118 130 129
130 142 130 151
130 152 130 160
130 161 130 170
130 183 130 190
130 191 130 198
130 199 130 206
130 207 130 216
130 217 130 226
130 227 130 237
130 238 130 246
131 0 131 8
131 21 131 30
131 31 131 38
131 39 131 47
131 48 131 56
131 57 131 65
131 66 131 74
131 75 131 82
131 83 131 90
131 91 131 101
131 102 131 113
131 138 131 147
131 148 131 155
131 156 131 165
131 166 131 177
131 190 131 197
131 198 131 205
131 206 131 213
131 214 131 223
131 224 131 233
131 234 131 243
132 0 132 8
132 9 132 17
132 30 132 37
132 38 132 45
132 46 132 53
132 54 132 61
132 62 132 70
132 71 132 80
132 81 132 89
132 90 132 99
132 100 132 110
132 111 132 120
132 121 132 128
132 129 132 138
132 139 132 149
132 150 132 157
132 170 132 180
132 181 132 191
132 192 132 201
132 202 132 209
132 210 132 217
132 218 132 225
132 226 132 234
133 12 133 21
133 22 133 32
133 33 133 43
133 44 133 51
133 52 133 59
133 60 133 70
133 119 133 127
133 128 133 135
133 136 133 145
133 146 133 155
133 156 133 166
133 167 133 175
133 176 133 183
133 184 133 191
133 192 133 201
133 202 133 213
133 214 133 222
133 223 133 232
133 233 133 240
133 241 133 248
134 12 134 19
134 32 134 39
134 40 134 47
134 60 134 68
134 69 134 78
134 79 134 86
134 87 134 94
134 95 134 102
134 103 134 110
134 111 134 119
134 120 134 127
134 152 134 159
134 160 134 171
134 172 134 183
134 184 134 194
134 195 134 202
134 203 134 214
134 215 134 223
134 224 134 235
135 0 135 7
135 8 135 19
135 20 135 28
135 41 135 48
135 49 135 56
135 57 135 65
135 66 135 75
135 76 135 87
135 88 135 99
135 100 135 110
135 111 135 118
135 119 135 127
135 140 135 148
135 149 135 158
135 159 135 167
135 168 135 179
135 180 135 189
135 190 135 201
135 202 135 213
135 214 135 223
135 224 135 235
135 236 135 244
136 0 136 11
136 24 136 31
136 44 136 55
136 56 136 63
136 76 136 84
136 85 136 92
136 93 136 100
136 101 136 112
136 113 136 120
136 133 136 143
136 144 136 151
136 152 136 161
136 162 136 173
136 174 136 181
136 182 136 189
136 202 136 213
136 214 136 221
136 222 136 230
136 231 136 242
137 0 137 7
137 8 137 18
137 19 137 28
137 29 137 38
137 39 137 47
137 48 137 55
137 56 137 64
137 65 137 74
137 75 137 82
137 83 137 94
137 95 137 104
137 129 137 136
137 137 137 144
137 145 137 153
137 154 137 162
137 163 137 171
137 172 137 180
137 181 137 191
137 192 137 199
137 200 137 207
137 208 137 219
137 220 137 227
137 228 137 235
138 0 138 9
138 22 138 31
138 32 138 43
138 44 138 52
138 53 138 61
138 62 138 70
138 71 138 82
138 83 138 91
138 92 138 102
138 103 138 112
138 113 138 122
138 123 138 130
138 131 138 138
138 151 138 161
138 162 138 170
138 183 138 192
138 205 138 213
138 214 138 221
138 222 138 231
138 232 138 241
138 242 138 249
139 0 139 8
139 9 139 20
139 21 139 30
139 31 139 39
139 40 139 48
139 49 139 56
139 57 139 65
139 66 139 76
139 77 139 85
139 98 139 107
139 108 139 115
139 116 139 124
139 125 139 136
139 137 139 148
139 161 139 170
139 171 139 178
139 179 139 189
139 190 139 198
139 199 139 210
139 211 139 221
139 234 139 243
140 0 140 9
140 10 140 18
140 19 140 28
140 29 140 39
140 40 140 48
140 61 140 69
140 70 140 77
140 90 140 97
140 110 140 121
140 122 140 129
140 130 140 137
140 138 140 145
140 170 140 178
140 179 140 186
140 187 140 198
140 199 140 206
140 207 140 214
140 215 140 224
140 237 140 246
141 0 141 7
141 8 141 19
141 20 141 27
141 28 141 37
141 38 141 47
141 48 141 56
141 57 141 64
141 89 141 97
141 98 141 105
141 106 141 113
141 114 141 121
141 122 141 131
141 132 141 140
141 141 141 152
141 153 141 160
141 161 141 171
141 172 141 181
141 182 141 190
141 191 141 200
141 201 141 209
141 210 141 219
141 220 141 231
141 232 141 241
141 242 141 249
142 0 142 9
142 10 142 18
142 19 142 28
142 29 142 37
142 38 142 46
142 59 142 68
142 81 142 88
142 89 142 99
142 100 142 108
142 109 142 116
142 117 142 125
142 126 142 133
142 134 142 144
142 145 142 153
142 154 142 161
142 162 142 169
142 170 142 177
142 190 142 199
142 200 142 210
142 211 142 219
142 220 142 229
142 230 142 237
142 238 142 249
143 0 143 7
143 8 143 16
143 17 143 28
143 29 143 36
143 37 143 44
143 45 143 55
143 80 143 88
143 89 143 97
143 98 143 107
143 108 143 115
143 116 143 123
143 124 143 131
143 132 143 142
143 143 143 151
143 152 143 159
143 160 143 169
143 170 143 178
143 179 143 186
143 187 143 195
143 196 143 204
143 205 143 215
143 216 143 224
143 225 143 233
143 234 143 241
143 242 143 249
144 0 144 8
144 9 144 17
144 18 144 28
144 29 144 36
144 37 144 45
144 58 144 65
144 66 144 73
144 74 144 82
144 107 144 117
144 118 144 127
144 128 144 136
144 137 144 146
144 147 144 158
144 159 144 167
144 180 144 189
144 190 144 197
144 198 144 208
144 221 144 229
145 0 145 8
145 21 145 29
145 30 145 37
145 38 145 48
145 49 145 56
145 57 145 68
145 69 145 78
145 79 145 88
145 89 145 98
145 99 145 108
145 109 145 117
145 130 145 140
145 141 145 148
145 161 145 172
145 173 145 182
145 183 145 192
145 193 145 201
145 202 145 209
145 210 145 217
145 218 145 226
145 227 145 236
145 237 145 244
146 0 146 7
146 8 146 19
146 20 146 28
146 29 146 36
146 37 146 45
146 46 146 53
146 54 146 62
146 63 146 74
146 75 146 83
146 84 146 94
146 95 146 102
146 115 146 122
146 123 146 133
146 134 146 143
146 144 146 154
146 155 146 163
146 164 146 173
146 174 146 182
146 183 146 191
146 192 146 199
146 200 146 208
146 209 146 218
146 219 146 226
146 227 146 234
146 235 146 242
147 0 147 7
147 8 147 16
147 29 147 39
147 40 147 48
147 61 147 68
147 69 147 77
147 102 147 109
147 110 147 118
147 119 147 127
147 128 147 136
147 149 147 160
147 161 147 171
147 172 147 183
147 184 147 193
147 194 147 203
147 204 147 211
147 224 147 232
147 233 147 241
148 0 148 9
148 10 148 17
148 30 148 40
148 41 148 48
148 49 148 57
148 58 148 66
148 79 148 86
148 99 148 108
148 109 148 119
148 120 148 128
148 129 148 140
148 141 148 149
148 150 148 158
148 159 148 170
148 171 148 178
148 179 148 189
148 190 148 197
148 210 148 218
148 219 148 226
148 227 148 237
148 238 148 247
149 0 149 11
149 24 149 31
149 44 149 52
149 65 149 74
149 75 149 82
149 95 149 103
149 104 149 113
149 114 149 122
149 123 149 130
149 143 149 150
149 151 149 158
149 159 149 166
149 167 149 174
149 175 149 186
149 187 149 195
149 196 149 206
149 207 149 214
149 215 149 224
149 225 149 236
149 237 149 247
150 12 150 20
150 21 150 28
150 29 150 39
150 40 150 47
150 48 150 55
150 56 150 64
150 65 150 75
150 76 150 87
150 88 150 97
150 98 150 105
150 106 150 116
150 129 150 137
150 138 150 145
150 146 150 156
150 169 150 180
150 181 150 192
150 193 150 200
150 201 150 211
150 212 150 219
150 220 150 228
151 0 151 8
151 9 151 16
151 17 151 26
151 27 151 34
151 35 151 42
151 43 151 51
151 52 151 61
151 62 151 70
151 71 151 79
151 80 151 89
151 102 151 110
151 111 151 118
151 119 151 126
151 127 151 134
151 135 151 142
151 143 151 150
151 151 151 160
151 161 151 169
151 182 151 189
151 190 151 201
151 202 151 211
151 212 151 222
151 223 151 230
151 231 151 239
152 0 152 9
152 10 152 17
152 30 152 41
152 54 152 63
152 64 152 71
152 72 152 79
152 104 152 112
152 113 152 120
152 121 152 129
152 130 152 141
152 142 152 150
152 163 152 171
152 172 152 179
152 180 152 188
152 189 152 198
152 199 152 209
152 234 152 243
153 0 153 10
153 11 153 19
153 20 153 27
153 28 153 39
153 40 153 47
153 48 153 55
153 56 153 64
153 65 153 72
153 85 153 93
153 94 153 103
153 104 153 111
153 112 153 122
153 123 153 132
153 145 153 153
153 154 153 164
153 165 153 173
153 186 153 195
153 196 153 203
153 204 153 211
153 212 153 220
153 221 153 228
153 229 153 238
153 239 153 248
154 0 154 8
154 21 154 32
154 45 154 56
154 57 154 65
154 66 154 75
154 88 154 98
154 99 154 106
154 107 154 115
154 116 154 124
154 125 154 133
154 134 154 145
154 146 154 156
154 157 154 166
154 167 154 176
154 177 154 184
154 197 154 204
154 205 154 214
154 215 154 222
154 223 154 234
154 235 154 243
155 12 155 19
155 32 155 39
155 40 155 49
155 50 155 60
155 61 155 70
155 71 155 80
155 81 155 91
155 92 155 102
155 103 155 110
155 111 155 120
155 121 155 128
155 129 155 139
155 164 155 172
155 173 155 180
155 181 155 189
155 190 155 199
155 200 155 207
155 208 155 219
155 220 155 227
155 240 155 249
156 12 156 22
156 23 156 32
156 33 156 42
156 43 156 52
156 53 156 60
156 73 156 81
156 82 156 89
156 90 156 99
156 100 156 111
156 112 156 119
156 120 156 131
156 132 156 140
156 141 156 149
156 150 156 157
156 170 156 179
156 180 156 188
156 189 156 196
156 197 156 207
156 220 156 227
156 228 156 235
156 236 156 243
157 0 157 8
157 9 157 20
157 21 157 29
157 30 157 37
157 38 157 49
157 50 157 58
157 59 157 68
157 69 157 79
157 80 157 87
157 88 157 97
157 98 157 105
157 106 157 113
157 114 157 123
157 124 157 134
157 135 157 142
157 143 157 151
157 152 157 159
157 160 157 167
157 168 157 175
157 176 157 184
157 185 157 192
157 205 157 213
157 214 157 223
157 224 157 231
158 0 158 8
158 9 158 16
158 17 158 24
158 25 158 34
158 35 158 43
158 44 158 51
158 52 158 60
158 73 158 82
158 83 158 90
158 91 158 100
158 101 158 108
158 109 158 116
158 117 158 124
158 125 158 135
158 136 158 144
158 145 158 153
158 154 158 163
158 164 158 173
158 174 158 184
158 185 158 194
158 195 158 202
158 203 158 211
158 212 158 219
158 220 158 228
158 229 158 238
158 239 158 246
159 12 159 20
159 21 159 28
159 29 159 37
159 38 159 45
159 46 159 53
159 54 159 64
159 65 159 73
159 74 159 81
159 82 159 93
159 94 159 101
159 102 159 111
159 124 159 132
159 133 159 144
159 157 159 165
159 166 159 176
159 177 159 185
159 198 159 206
159 207 159 215
159 240 159 248
160 0 160 10
160 23 160 30
160 31 160 38
160 39 160 49
160 50 160 61
160 62 160 70
160 71 160 80
160 81 160 88
160 89 160 96
160 97 160 106
160 107 160 114
160 115 160 122
160 123 160 132
160 133 160 140
160 141 160 150
160 163 160 171
160 172 160 182
160 183 160 194
160 195 160 205
160 206 160 213
160 214 160 221
160 222 160 229
161 0 161 9
161 10 161 17
161 18 161 28
161 29 161 36
161 37 161 44
161 45 161 53
161 78 161 89
161 90 161 100
161 101 161 109
161 110 161 117
161 118 161 128
161 129 161 139
161 140 161 147
161 148 161 155
161 168 161 175
161 176 161 184
161 185 161 192
161 193 161 200
161 201 161 212
161 225 161 234
161 235 161 243
162 0 162 7
162 8 162 15
162 16 162 23
162 24 162 31
162 32 162 39
162 40 162 50
162 51 162 60
162 61 162 70
162 71 162 82
162 83 162 90
162 91 162 100
162 101 162 110
162 111 162 120
162 121 162 132
162 133 162 143
162 144 162 151
162 152 162 160
162 173 162 181
162 182 162 191
162 192 162 200
162 201 162 208
162 209 162 218
162 219 162 227
162 240 162 248
163 0 163 7
163 8 163 15
163 16 163 25
163 26 163 36
163 37 163 46
163 83 163 93
163 94 163 101
163 102 163 109
163 110 163 120
163 121 163 128
163 129 163 137
163 138 163 148
163 149 163 157
163 158 163 165
163 178 163 185
163 186 163 195
163 196 163 204
163 205 163 212
163 213 163 221
163 222 163 229
163 230 163 239
163 240 163 248
164 12 164 19
164 20 164 28
164 29 164 37
164 38 164 46
164 47 164 54
164 67 164 75
164 76 164 84
164 85 164 95
164 96 164 103
164 104 164 111
164 112 164 119
164 120 164 129
164 142 164 149
164 150 164 157
164 158 164 165
164 166 164 176
164 177 164 185
164 186 164 195
164 196 164 205
164 206 164 213
164 214 164 221
164 222 164 231
164 232 164 239
164 240 164 248
165 0 165 11
165 12 165 19
165 20 165 29
165 30 165 41
165 54 165 61
165 62 165 69
165 70 165 80
165 105 165 113
165 114 165 124
165 125 165 135
165 136 165 145
165 146 165 153
165 166 165 174
165 187 165 194
165 195 165 203
165 204 165 214
165 227 165 235
165 236 165 244
166 0 166 8
166 9 166 16
166 17 166 24
166 25 166 33
166 46 166 57
166 58 166 68
166 69 166 76
166 89 166 96
166 97 166 106
166 107 166 116
166 129 166 140
166 153 166 161
166 162 166 170
166 171 166 181
166 182 166 191
166 192 166 202
166 203 166 212
166 213 166 220
166 221 166 229
166 242 166 249
167 12 167 19
167 20 167 27
167 28 167 35
167 36 167 43
167 44 167 53
167 54 167 63
167 64 167 71
167 72 167 79
167 80 167 91
167 92 167 101
167 102 167 111
167 112 167 122
167 123 167 131
167 132 167 142
167 143 167 151
167 152 167 159
167 160 167 167
167 168 167 175
167 176 167 184
167 185 167 193
167 194 167 203
167 204 167 214
167 215 167 222
167 223 167 232
167 233 167 242
168 0 168 9
168 10 168 19
168 32 168 40
168 53 168 61
168 62 168 73
168 74 168 81
168 82 168 92
168 93 168 103
168 152 168 159
168 160 168 169
168 170 168 178
168 179 168 190
168 191 168 201
168 202 168 210
168 211 168 219
168 220 168 231
168 232 168 239
168 240 168 249
169 0 169 7
169 20 169 29
169 30 169 39
169 40 169 47
169 60 169 67
169 68 169 76
169 89 169 100
169 101 169 108
169 121 169 130
169 131 169 140
169 141 169 151
169 152 169 160
169 161 169 171
169 172 169 179
169 180 169 188
169 189 169 199
169 200 169 208
169 209 169 218
169 219 169 226
169 227 169 234
169 235 169 246
170 0 170 10
170 11 170 20
170 21 170 28
170 29 170 36
170 49 170 58
170 59 170 67
170 68 170 75
170 76 170 84
170 85 170 92
170 93 170 104
170 105 170 112
170 113 170 122
170 123 170 130
170 131 170 142
170 143 170 153
170 154 170 163
170 164 170 171
170 172 170 179
170 180 170 190
170 203 170 210
170 223 170 233
170 234 170 242
171 0 171 7
171 8 171 17
171 18 171 25
171 26 171 34
171 35 171 42
171 43 171 50
171 51 171 59
171 60 171 71
171 72 171 79
171 80 171 88
171 89 171 96
171 97 171 105
171 106 171 115
171 116 171 124
171 125 171 133
171 134 171 142
171 143 171 151
171 152 171 160
171 161 171 168
171 169 171 179
171 180 171 187
171 188 171 195
171 208 171 219
171 220 171 228
171 229 171 236
171 237 171 245
172 0 172 11
172 12 172 21
172 22 172 31
172 44 172 51
172 52 172 60
172 61 172 69
172 70 172 79
172 80 172 91
172 92 172 102
172 103 172 110
172 111 172 119
172 120 172 127
172 128 172 135
172 148 172 159
172 172 172 183
172 184 172 191
172 192 172 199
172 200 172 208
172 209 172 217
172 218 172 225
172 226 172 236
173 0 173 11
173 12 173 20
173 21 173 28
173 29 173 37
173 38 173 47
173 48 173 55
173 56 173 66
173 67 173 75
173 76 173 83
173 84 173 93
173 118 173 126
173 127 173 134
173 135 173 143
173 144 173 152
173 165 173 174
173 187 173 197
173 210 173 218
173 231 173 240
173 241 173 248
174 0 174 10
174 11 174 18
174 31 174 40
174 41 174 49
174 50 174 58
174 59 174 67
174 68 174 76
174 77 174 86
174 87 174 95
174 108 174 116
174 117 174 125
174 126 174 135
174 136 174 146
174 147 174 155
174 156 174 164
174 165 174 172
174 173 174 181
174 182 174 192
174 193 174 201
174 202 174 210
174 211 174 220
174 221 174 232
175 0 175 9
175 10 175 20
175 21 175 29
175 30 175 37
175 38 175 47
175 48 175 56
175 57 175 67
175 68 175 78
175 79 175 87
175 100 175 110
175 111 175 118
175 119 175 126
175 127 175 137
175 138 175 145
175 146 175 157
175 182 175 190
175 191 175 199
175 200 175 211
175 212 175 220
175 221 175 229
175 230 175 238
175 239 175 249
176 0 176 11
176 12 176 20
176 21 176 28
176 29 176 37
176 50 176 58
176 71 176 78
176 79 176 87
176 88 176 96
176 97 176 105
176 106 176 113
176 114 176 123
176 124 176 132
176 133 176 140
176 141 176 151
176 152 176 159
176 160 176 169
176 170 176 178
176 191 176 200
176 201 176 210
176 211 176 219
176 232 176 240
176 241 176 248
177 0 177 7
177 8 177 17
177 18 177 26
177 27 177 36
177 37 177 45
177 46 177 55
177 56 177 65
177 66 177 73
177 74 177 81
177 82 177 91
177 92 177 101
177 102 177 109
177 134 177 141
177 142 177 150
177 151 177 160
177 161 177 171
177 172 177 179
177 204 177 212
177 213 177 220
177 221 177 228
177 229 177 236
177 237 177 248
178 0 178 9
178 22 178 29
178 30 178 38
178 39 178 46
178 47 178 54
178 55 178 62
178 75 178 86
178 87 178 94
178 95 178 105
178 106 178 116
178 117 178 126
178 127 178 136
178 149 178 156
178 157 178 168
178 169 178 179
178 180 178 190
178 191 178 201
178 202 178 211
178 212 178 220
178 221 178 230
178 231 178 239
178 240 178 248
179 0 179 7
179 8 179 17
179 18 179 28
179 29 179 37
179 38 179 46
179 47 179 54
179 55 179 62
179 63 179 71
179 72 179 80
179 81 179 90
179 91 179 101
179 102 179 113
179 114 179 121
179 134 179 142
179 143 179 150
179 151 179 159
179 160 179 168
179 169 179 177
179 178 179 186
179 187 179 196
179 197 179 207
179 208 179 216
179 217 179 224
179 225 179 233
179 234 179 242
180 0 180 10
180 11 180 22
180 23 180 30
180 31 180 38
180 39 180 50
180 51 180 62
180 63 180 70
180 71 180 78
180 79 180 88
180 89 180 97
180 98 180 109
180 110 180 119
180 120 180 128
180 141 180 149
180 150 180 161
180 162 180 169
180 170 180 180
180 217 180 224
180 225 180 234
180 235 180 246
181 0 181 9
181 10 181 19
181 32 181 39
181 64 181 71
181 72 181 79
181 80 181 87
181 100 181 110
181 111 181 119
181 120 181 127
181 128 181 138
181 139 181 149
181 150 181 161
181 162 181 171
181 184 181 194
181 195 181 205
181 206 181 215
181 216 181 227
181 228 181 236
181 237 181 245
182 0 182 10
182 11 182 19
182 20 182 28
182 29 182 39
182 64 182 74
182 75 182 82
182 83 182 90
182 91 182 100
182 101 182 109
182 110 182 119
182 132 182 140
182 153 182 163
182 164 182 171
182 172 182 183
182 184 182 191
182 192 182 201
182 202 182 212
182 213 182 224
182 237 182 245
183 0 183 10
183 11 183 20
183 21 183 29
183 30 183 38
183 63 183 73
183 74 183 82
183 95 183 103
183 116 183 123
183 124 183 134
183 135 183 146
183 147 183 155
183 156 183 164
183 165 183 174
183 175 183 185
183 186 183 193
183 194 183 201
183 202 183 211
183 212 183 219
183 220 183 227
183 228 183 235
183 236 183 244
184 12 184 20
184 21 184 29
184 30 184 39
184 40 184 49
184 50 184 58
184 59 184 67
184 92 184 100
184 101 184 110
184 111 184 121
184 122 184 131
184 132 184 140
184 141 184 148
184 149 184 159
184 160 184 168
184 169 184 176
184 189 184 199
184 200 184 209
184 210 184 218
184 219 184 228
184 229 184 237
184 238 184 245
185 0 185 8
185 9 185 18
185 31 185 40
185 41 185 50
185 51 185 59
185 60 185 67
185 68 185 77
185 78 185 85
185 86 185 94
185 95 185 103
185 104 185 111
185 112 185 122
185 123 185 130
185 131 185 142
185 143 185 150
185 151 185 161
185 162 185 171
185 184 185 192
185 193 185 200
185 201 185 209
185 210 185 217
185 218 185 228
185 229 185 236
185 237 185 245
186 0 186 10
186 11 186 18
186 19 186 26
186 27 186 34
186 47 186 54
186 55 186 65
186 66 186 73
186 74 186 81
186 82 186 90
186 103 186 114
186 115 186 122
186 123 186 130
186 131 186 140
186 141 186 148
186 149 186 158
186 159 186 168
186 169 186 177
186 178 186 185
186 186 186 197
186 198 186 208
186 209 186 218
186 219 186 230
186 231 186 239
186 240 186 247
187 0 187 10
187 11 187 20
187 21 187 31
187 32 187 39
187 52 187 60
187 61 187 71
187 72 187 82
187 83 187 91
187 104 187 112
187 113 187 123
187 124 187 131
187 132 187 140
187 141 187 148
187 149 187 156
187 157 187 164
187 165 187 174
187 175 187 182
187 195 187 202
187 203 187 210
187 223 187 234
187 235 187 242
188 0 188 8
188 9 188 16
188 17 188 25
188 26 188 33
188 34 188 42
188 43 188 53
188 66 188 73
188 74 188 82
188 83 188 91
188 92 188 101
188 102 188 110
188 111 188 121
188 122 188 132
188 133 188 144
188 145 188 153
188 154 188 162
188 175 188 184
188 185 188 193
188 194 188 203
188 204 188 211
188 212 188 219
188 220 188 231
188 232 188 240
188 241 188 248
189 0 189 9
189 10 189 20
189 21 189 29
189 30 189 38
189 39 189 48
189 61 189 68
189 69 189 76
189 77 189 86
189 87 189 97
189 122 189 132
189 145 189 152
189 153 189 160
189 161 189 170
189 171 189 178
189 179 189 186
189 187 189 194
189 195 189 204
189 205 189 216
189 217 189 226
189 227 189 236
189 237 189 244
190 0 190 10
190 11 190 19
190 32 190 43
190 44 190 51
190 64 190 72
190 73 190 81
190 82 190 93
190 94 190 101
190 114 190 122
190 135 190 142
190 167 190 174
190 175 190 183
190 184 190 195
190 196 190 204
190 205 190 214
190 215 190 224
190 225 190 233
190 234 190 242
191 0 191 10
191 11 191 22
191 23 191 30
191 31 191 40
191 41 191 49
191 50 191 57
191 58 191 67
191 80 191 88
191 89 191 97
191 98 191 106
191 107 191 114
191 115 191 126
191 127 191 134
191 135 191 145
191 158 191 165
191 166 191 176
191 201 191 209
191 210 191 218
191 219 191 226
191 227 191 235
192 0 192 7
192 8 192 17
192 18 192 25
192 26 192 36
192 37 192 48
192 49 192 56
192 57 192 65
192 66 192 77
192 78 192 88
192 101 192 109
192 110 192 121
192 122 192 130
192 131 192 138
192 139 192 148
192 149 192 157
192 158 192 166
192 167 192 176
192 177 192 186
192 187 192 195
192 196 192 205
192 206 192 214
192 215 192 224
192 225 192 232
192 233 192 240
193 0 193 11
193 12 193 22
193 23 193 30
193 31 193 38
193 39 193 47
193 48 193 59
193 60 193 68
193 69 193 76
193 89 193 98
193 99 193 107
193 108 193 115
193 116 193 123
193 124 193 131
193 132 193 142
193 143 193 151
193 152 193 160
193 161 193 169
193 170 193 178
193 179 193 187
193 200 193 207
193 208 193 217
193 218 193 226
193 227 193 237
193 238 193 247
194 0 194 7
194 8 194 15
194 16 194 23
194 24 194 31
194 44 194 53
194 54 194 62
194 63 194 73
194 74 194 84
194 85 194 92
194 93 194 100
194 101 194 110
194 111 194 121
194 122 194 131
194 132 194 139
194 152 194 160
194 161 194 171
194 172 194 183
194 184 194 195
194 208 194 215
194 228 194 236
194 237 194 244
195 0 195 10
195 11 195 18
195 19 195 26
195 39 195 47
195 48 195 55
195 56 195 63
195 64 195 71
195 72 195 81
195 82 195 92
195 93 195 104
195 105 195 112
195 113 195 120
195 145 195 152
195 165 195 172
195 173 195 181
195 182 195 192
195 193 195 203
195 204 195 214
195 215 195 224
195 225 195 233
195 234 195 241
195 242 195 249
196 24 196 31
196 32 196 39
196 40 196 50
196 51 196 60
196 61 196 71
196 72 196 80
196 81 196 90
196 91 196 99
196 100 196 111
196 112 196 119
196 120 196 130
196 167 196 175
196 176 196 184
196 185 196 195
196 196 196 206
196 207 196 218
196 219 196 228
196 229 196 236
196 237 196 245
197 0 197 10
197 11 197 19
197 20 197 29
197 42 197 50
197 63 197 72
197 97 197 107
197 108 197 115
197 128 197 136
197 137 197 145
197 146 197 155
197 156 197 164
197 165 197 174
197 175 197 186
197 187 197 197
197 198 197 207
197 208 197 216
197 217 197 227
197 228 197 238
197 239 197 246
198 0 198 11
198 24 198 34
198 59 198 69
198 70 198 78
198 91 198 101
198 102 198 110
198 123 198 132
198 133 198 144
198 157 198 165
198 166 198 177
198 178 198 185
198 186 198 195
198 196 198 203
198 204 198 213
198 226 198 234
198 235 198 243
199 12 199 20
199 21 199 29
199 30 199 38
199 39 199 48
199 49 199 58
199 59 199 66
199 67 199 74
199 87 199 95
199 120 199 129
199 142 199 152
199 153 199 163
199 164 199 173
199 174 199 181
199 194 199 204
199 205 199 212
199 213 199 221
199 222 199 231
199 232 199 240
