5 0 134 146 26 130
4 216 285 197 100
3 296 137 256
3 75 201 142
7 180 162 245 230 204 109 228
3 41 58 206
5 54 7 276 21 288
4 85 159 177 229
2 284 266
4 260 193 14 255
3 244 23 262
1 289
4 68 48 45 278
3 15 44 94
2 73 192
3 249 283 132
1 104
2 50 17
2 79 219
6 275 246 198 163 25 51
2 101 123
4 144 188 117 182
2 88 1
2 127 77
3 217 83 173
3 92 263 135
1 98
3 87 269 155
5 80 18 29 61 231
4 294 136 56 78
1 247
4 200 282 254 265
1 59
2 160 183
4 13 261 237 297
3 62 171 264
1 292
4 133 39 271 43
1 46
1 196
3 38 102 189
3 214 64 238
2 187 47
4 212 190 118 274
1 240
2 148 194
2 107 181
3 195 90 49
5 290 226 202 287 257
5 161 57 82 22 223
1 71
1 152
3 53 42 2
2 239 242
4 225 232 298 35
4 95 129 119 251
5 218 277 185 131 120
4 273 281 139 215
2 76 186
1 233
4 63 32 27 12
1 145
3 116 224 252
3 156 11 106
3 170 199 208
2 253 97
3 140 124 149
6 168 8 220 113 209 31
2 243 126
1 205
2 207 55
1 69
1 169
1 143
5 157 3 114 93 30
1 279
3 166 81 175
1 165
3 40 5 37
4 210 150 111 250
2 227 151
4 6 235 248 153
4 259 174 89 20
3 105 138 66
2 158 9
2 267 293
4 121 191 147 16
4 19 28 295 67
4 60 96 70 141
1 272
1 84
3 91 258 178
2 291 115
1 211
1 176
2 236 112
1 280
1 270
2 10 52
1 154
