5 0 124 173 253 364
5 1 146 230 261 393
5 2 148 195 247 380
6 3 158 231 318 386 429
5 4 89 249 312 410
5 5 126 185 273 330
4 6 117 233 345
5 7 149 255 288 352
5 8 102 201 282 378
5 9 170 251 331 394
6 10 98 190 259 328 412
6 11 160 211 306 369 411
5 12 143 262 342 407
6 13 90 177 242 309 358
5 14 112 226 286 379
5 15 162 257 349 419
6 16 135 205 256 332 383
6 17 123 202 244 337 392
6 18 108 223 316 373 423
5 19 125 197 307 395
5 20 140 189 305 404
5 21 106 216 260 338
5 22 81 134 265 362
5 23 114 212 292 377
6 24 129 169 222 299 387
5 25 96 194 294 356
5 26 82 176 283 361
5 27 139 192 277 389
6 28 97 153 254 333 398
5 29 142 213 319 413
5 30 163 227 324 401
5 31 155 235 302 359
7 32 122 183 236 268 343 424
7 33 92 164 207 278 304 385
6 34 121 174 203 314 414
6 35 130 225 320 336 405
5 36 95 157 248 388
6 37 152 224 270 326 381
6 38 85 180 228 323 397
7 39 88 141 196 279 329 408
7 40 105 181 252 298 365 406
5 41 167 274 327 371
6 42 94 165 266 348 426
5 43 87 175 301 370
5 44 136 264 354 415
5 45 109 219 276 363
5 46 115 182 284 376
5 47 128 198 281 357
6 48 104 179 310 350 416
6 49 110 178 218 303 427
6 50 103 161 258 325 403
5 51 116 238 321 399
5 52 118 215 315 374
4 53 137 191 280
5 54 119 217 293 409
4 55 166 246 347
6 56 91 188 240 313 396
6 57 83 145 237 285 339
5 58 101 204 267 375
5 59 93 172 232 366
6 60 138 234 289 351 428
6 61 150 200 263 322 417
4 62 144 272 335
4 63 154 269 384
5 64 156 210 296 368
4 65 168 275 400
5 66 107 209 341 382
5 67 186 245 290 390
6 68 86 171 229 311 422
5 69 120 221 287 353
5 70 127 199 300 418
6 71 100 151 241 334 391
6 72 84 159 250 295 367
5 73 147 184 239 340
5 74 113 206 344 425
5 75 133 193 317 402
5 76 131 208 308 420
5 77 111 214 297 372
5 78 187 291 355 421
4 79 132 243 346
6 80 99 220 271 360 430
