5 8890 3694 8200 8934 8949
5 8773 3778 8661 9509 8722
6 7013 1422 9489 8095 6555 6227
7 2384 8353 5909 7741 2966 6514 8377
6 8670 1721 9784 8006 2902 6509
5 4679 5017 7342 5573 6127
6 719 9613 9817 6855 6889 1439
7 6252 2881 7882 9436 3809 9336 2936
5 1135 2406 2670 8994 6288
7 1178 9735 6904 8284 3213 9921 1636
5 7109 2495 9897 2265 5416
6 563 7867 388 742 3252 7168
6 3654 921 9624 9372 7859 4492
5 6031 6245 81 4625 7376
6 7468 3216 1666 6792 8726 7105
7 3696 8464 97 8721 2582 1481 3850
2 7227 5578
2 2418 4417
5 3578 4493 7680 5281 3478
6 9121 4939 7497 7050 188 8414
5 2015 2112 8667 4321 3120
4 6321 5260 6692 2669
5 9550 1908 2099 5533 3825
7 6403 935 3507 2204 7367 7718 7053
6 7716 1831 1525 9542 4438 3619
6 2176 4532 6602 9788 9301 2509
7 8758 5377 4636 6581 6499 6611 1939
5 8227 9880 3630 5813 869
8 7913 5920 643 4087 8107 8230 3571 4961
7 9913 7373 9158 7267 600 4181 8838
5 3647 6548 9966 9664 8490
3 3321 7482 6768
4 1105 2981 698 3870
5 8878 6053 1676 7522 7969
4 311 6076 8326 240
3 6039 7760 5272
5 4829 7383 5898 5683 6559
5 7948 3828 3890 18 9573
8 9449 3779 9100 7078 7125 5589 1633 3289
5 5991 7630 4572 73 7146
7 5649 1430 4584 9403 6145 3702 1923
5 2736 5763 7892 8893 6242
3 7325 946 89
7 8184 7534 2021 3980 8568 2858 6933
7 8578 5156 8780 9444 723 4580 8947
5 3202 6382 8365 4757 4243
4 7862 6125 7015 7410
4 8965 8998 3367 1304
5 9459 4925 7157 8538 5362
3 3358 7655 8778
7 1563 7438 819 155 6530 706 8279
6 3708 249 1041 605 2298 2627
8 549 3990 7557 3669 9462 1554 1118 3223
7 1776 7864 3368 8245 9072 2063 6665
4 8967 1789 6477 9829
7 2735 6694 6004 5662 2177 455 4473
5 1192 2308 631 6229 8019
4 9927 3320 6761 7182
5 5480 8565 6259 6323 3927
5 7575 6301 9865 3028 5434
4 4644 313 4802 218
7 4948 4624 6526 7176 4898 3324 7899
4 6912 5437 1546 7160
4 2573 2092 2806 4363
4 5983 9862 1478 8430
3 3608 9693 7979
7 768 2512 9071 4559 262 6217 4779
5 2718 4144 3733 6470 5423
5 6377 8767 2462 8929 7467
6 2297 3751 964 6281 3265 9676
3 7804 1018 9069
6 666 8167 3135 4936 6988 9097
8 3580 1323 9030 9751 3767 5997 2820 1056
7 3147 3338 5481 7195 8935 4210 702
3 306 7280 2007
4 4887 3359 4298 5544
3 2591 6845 322
10 7957 1724 315 7934 1016 5908 1816 6501 8275 6011
6 8711 5426 2851 4082 31 8124
4 8088 7408 4500 6191
9 3090 8564 7768 378 7609 4768 3472 4600 1705
3 5982 2491 707
3 7110 4763 9849
4 476 8914 1356 3464
6 1560 3333 9845 5674 9530 3525
4 1803 9914 4820 443
6 7108 871 3163 3519 9541 242
3 2660 4390 5501
4 1399 470 446 5883
6 1209 7711 2782 6090 1905 1823
4 3539 9726 948 7173
9 9313 9979 2523 6173 7143 2777 5505 4172 5020
3 5091 4900 9569
3 1880 8891 4901
4 4027 4468 2879 5460
3 1817 1940 1347
2 4796 8718
4 8071 4373 6365 1680
8 5934 8029 5540 5679 1286 1108 5604 3350
5 1778 5317 8975 6214 722
4 9954 2214 4191 6999
5 4011 2768 3515 3741 7289
5 364 3689 4361 1699 181
3 1855 7228 79
8 3055 3540 6430 8809 129 2481 3304 5078
6 1874 4274 8031 5802 4510 1380
5 6745 6729 2115 592 5254
4 9483 2678 2593 5599
5 5332 8815 9055 9451 888
8 4058 1384 4507 559 3278 8010 6935 807
3 8306 486 1087
6 499 3731 7904 654 1659 5646
4 4411 5498 5296 4292
3 6544 2629 5652
3 1973 5067 2225
5 6879 5664 6225 2747 3533
6 1040 1773 9702 967 2709 1374
2 873 3207
5 7929 6208 2857 5176 2448
7 1269 874 6222 3145 1772 26 6840
3 7355 3173 9910
5 368 9474 7753 6355 3504
4 2212 5950 1144 3633
5 9925 7153 5776 2993 5047
6 4435 2026 8940 8038 7788 3288
5 3936 7720 54 1180 1982
3 5903 3844 7241
4 2053 7744 7181 8106
6 3381 6678 1486 4051 5597 4662
5 8192 5080 5842 926 5937
8 9563 6884 507 8895 7285 9528 6212 5286
6 7347 4924 78 2155 2310 7051
3 7346 4868 3042
3 4467 5985 3134
4 7444 4100 8762 9608
4 1208 894 3705 3427
5 3291 9229 539 5561 2463
5 9252 928 4573 6614 3749
7 9864 5344 1428 2269 7127 6481 9277
3 9287 5044 5894
2 7779 4483
2 8563 495
5 8292 9463 6340 8330 6603
4 3760 6894 6817 998
2 3362 7621
8 1273 3168 6239 8995 8244 1316 3187 6441
6 4078 6740 2382 9740 329 1185
5 6381 1492 9289 4249 1190
3 1159 4823 3313
2 9251 6834
8 4758 4066 1959 5557 4043 2499 6207 6148
1 7206
3 5441 258 6782
4 8303 4148 4261 3284
6 5245 493 7113 6129 8139 8825
3 1339 3310 794
7 1194 6634 454 6397 8356 5828 204
5 3614 9658 7767 9484 3737
8 474 1860 2056 584 257 1713 7476 7304
5 9349 582 9258 4240 5198
2 6527 2134
8 8950 8459 2132 3986 9732 2379 831 4978
2 6517 3838
2 4471 7667
3 4717 4949 6976
3 6190 4998 2337
8 7657 7020 6293 1660 6495 6072 251 1931
7 6541 5295 6484 4340 8679 0 9792
8 1867 2166 6645 4415 3027 1385 8411 6978
4 9377 2795 6958 7487
3 1376 3298 6300
1 3560
8 8102 9636 2984 5864 8357 5980 9220 7937
7 2944 4184 5914 134 5570 4337 764
4 7464 3650 3548 437
4 3693 7553 3566 5886
5 1381 6124 9653 7524 7950
6 4352 2075 594 558 5348 2773
9 5018 9901 8892 2000 7316 4810 3889 6322 3644
3 1002 5064 1022
2 1000 9677
3 492 685 1293
6 6822 4877 908 3161 1893 4177
2 5071 410
2 2758 2411
8 1992 864 3116 5910 2237 1216 1645 2579
7 5717 4084 1046 8793 7536 3388 4189
6 7119 8739 3325 5919 9840 4320
8 3371 8489 9109 5847 6699 3337 4952 3431
2 2887 7700
2 4941 805
6 4309 3655 318 156 6143 9439
8 7952 1024 2825 7014 4212 1119 8702 3620
3 5226 7943 5784
2 7581 2953
4 4214 4255 3088 8606
5 6466 9581 6200 174 8433
8 7561 7210 6220 2343 1682 7623 6445 9599
2 2528 2457
5 4520 6298 5625 9533 6104
1 7433
4 4070 7815 8828 7601
4 8968 6249 8581 7983
2 6686 3712
6 5868 7028 8111 5470 7836 7986
5 5371 3330 3020 1579 1242
6 2247 5615 3910 2486 1060 8740
5 7284 9153 4751 3180 9099
8 5693 3651 7097 7971 4942 3091 148 1088
4 2288 4612 7368 4432
4 1067 7450 3965 3723
6 4048 4772 8077 4380 4996 5563
5 1319 8946 9338 535 3897
3 7613 1427 7036
4 9763 1400 6914 8556
4 3030 5954 5169 9359
9 187 489 8848 2338 7679 1071 3926 2822 4127
5 5970 6633 2742 7239 3861
4 9044 2549 9648 7784
2 8824 2540
4 2346 440 7833 1575
8 2695 6654 854 6197 7094 9750 7496 5855
6 3629 6662 1142 881 923 9770
1 978
7 6670 3555 4065 624 1706 5404 1622
9 5324 4475 332 5917 7516 589 7658 6717 9967
1 7632
5 6412 8024 4317 9601 2070
4 622 3334 6960 8808
9 7070 2589 6536 1459 6830 6169 7850 1225 9568
1 6753
3 5562 2620 4049
5 1146 6560 1542 2698 9956
7 1757 3257 4450 320 8672 6520 3277
3 4646 7100 7460
7 9084 7196 6907 9919 5136 1878 3903
3 3193 1998 7625
2 2939 3755
5 2061 8792 9138 3905 3638
9 568 6135 2198 2178 7924 6102 229 3407 8908
5 1978 400 6647 4325 750
4 5553 6362 9540 5900
5 7684 4614 5221 6482 5461
4 872 995 3206 6342
7 3442 7799 6327 6247 9049 1126 8666
2 4469 8126
4 4006 8016 9615 2300
5 2519 8509 3557 9836 6018
5 1023 2615 5 836 2853
6 6663 8086 1625 5593 641 1642
8 303 6529 9267 415 2893 3178 9048 5840
5 6913 8902 943 2050 3063
8 2465 6160 2147 376 8239 940 8982 4766
4 9186 7997 8251 6624
4 1529 3256 389 7713
8 6724 3430 4029 2330 6363 7844 5580 2609
3 3341 9057 762
3 4528 6371 3111
3 1555 8156 7590
2 8596 4095
9 375 7329 3066 6597 8334 8886 7290 5661 8905
3 7909 8923 8503
8 9847 3311 2216 3117 7483 7056 5325 2886
5 6198 3758 448 4736 298
5 4379 3138 1685 8047 962
3 23 1442 3887
3 8253 5811 4846
3 9824 5130 107
5 4494 4842 2690 8402 4678
3 7122 5961 8119
9 8731 1113 9586 3940 2125 905 9697 7069 2138
3 1844 1367 2983
3 1626 4977 9739
7 6901 7064 9744 3439 6600 6014 1562
5 1138 4788 7248 7362 1285
3 1246 7432 6934
6 9619 9649 9804 553 5742 432
8 4071 8587 3739 6319 288 2344 8080 4133
4 8204 457 767 9520
3 9346 4022 2502
9 3607 2008 4629 7501 1342 3081 6335 3792 9719
4 2866 8340 4122 9281
8 8520 7314 657 938 2142 4465 8206 4158
4 4588 7835 4054 5485
2 7025 8199
4 2412 2524 9184 4799
8 3167 1228 8410 7068 5794 3272 9507 1573
4 9249 5164 4530 6819
4 8719 8632 8986 4241
3 9868 2334 4277
8 8477 9090 825 5124 538 6801 4000 5376
2 773 6675
3 2751 4604 7133
1 8730
4 4838 264 1594 1009
1 4557
2 8727 8499
1 820
4 9019 9663 5147 8625
2 180 464
5 233 4135 1092 5812 3975
6 1515 5971 1697 8991 2951 2691
6 734 4387 8786 1956 1935 9834
1 7678
5 3729 2433 5373 6158 7374
4 6515 3166 9552 2594
4 4301 1426 4220 7565
6 4150 211 4523 8885 3703 6170
2 2430 6
8 1005 6735 7579 2693 7520 3552 7563 5339
4 7453 8900 5895 9878
6 1206 8099 7528 7059 8622 8654
7 9675 9402 7662 1037 7519 9146 1107
9 2917 5161 442 4709 613 4385 6108 2289 4987
8 6228 3104 3433 9238 6226 441 1213 7673
4 6591 5151 9661 2865
6 7379 8373 4419 8619 1983 3656
4 7075 1936 8278 5037
2 5968 5536
5 2883 5858 8571 9986 5003
4 3225 5412 4735 1646
2 7061 4968
3 4138 4971 4983
4 3230 205 3868 3688
2 9723 9206
1 4793
4 7809 2091 393 1375
8 3549 9920 6825 285 1322 5608 7121 7288
3 7147 1303 2677
7 8290 4404 2706 5658 8526 4412 5758
7 6607 209 4854 8599 4599 6010 226
6 268 7320 533 1695 9999 6465
3 8788 3964 9004
4 7891 4657 408 7458
3 8605 4275 2697
6 2717 2122 8745 3312 1847 3730
2 7773 6060
3 310 7600 5108
8 7088 1970 6133 4470 2876 1808 1341 8308
4 6463 2096 8078 4091
8 3253 3409 4830 1433 8061 9398 756 2202
2 2445 6995
8 4839 5222 7585 8173 5394 5705 879 6994
5 7956 726 210 7387 1545
3 4329 7947 6241
9 4525 8395 4511 1252 8028 8881 8248 427 4281
8 3008 5517 2470 3829 3508 5330 2998 2586
5 7399 8073 5969 9814 2840
4 1922 7218 5159 9909
2 3491 1003
3 6238 2812 7577
4 6610 2931 911 5819
2 5059 9304
3 7990 1751 2544
8 9752 6794 6410 6480 1736 4727 7688 8862
3 1785 9519 1652
6 8329 3245 1177 379 8000 6467
5 957 1406 9869 3827 7878
7 8342 9503 39 6462 1131 8836 7968
1 1344
2 3709 6911
4 3086 7771 5949 4042
6 9216 5491 4107 5975 5401 5293
5 6965 8447 2171 835 5647
4 7972 143 3041 4695
4 5444 5048 5896 1120
4 2541 2018 2474 6093
2 4836 9803
5 1143 8473 8276 4140 8543
8 700 5721 6762 8160 3389 9600 447 913
3 4420 360 4622
4 8553 2487 9764 2839
3 1061 3728 5891
6 3307 7911 9011 3530 1284 6096
8 713 7198 8348 5764 5072 9588 1899 1456
2 5513 690
5 5343 2649 8785 8422 8508
4 9418 7589 5431 6439
4 6744 5877 4005 6518
7 9985 1102 2191 8048 3864 9883 3856
6 6831 8458 3512 3315 766 8046
3 5478 8888 900
6 9140 1421 8188 5635 798 1015
6 9679 7318 9495 6583 1586 2597
4 1027 2815 6621 4378
6 789 5626 384 8525 4052 4193
6 2316 2774 7546 1140 6311 2530
1 4818
2 9515 1446
3 3824 9257 7017
7 5192 6424 8546 9826 3061 14 4844
4 8189 9385 9360 3679
3 5780 4753 3347
3 7506 6005 9642
6 9579 4074 4730 8822 8070 4399
7 6150 6567 3205 2710 6564 5084 2032
4 8840 5307 5979 2172
7 4687 6877 3740 2359 1821 3742 9467
5 7401 3527 5887 4744 1114
9 1315 1512 5711 4819 2805 6256 8971 6250 1691
