27 6975 7566 2012 7442 571 5144 7777 9919 8191 8899 3798 8278 6484 5426 6403 762 9965 1157 5933 2655 7073 1576 5937 8918 4866 6656 3708
31 9475 4071 5595 6959 2228 421 4313 9272 3715 5547 4519 6849 4835 5600 782 4813 4167 2193 2484 7181 4261 3445 8580 4198 821 2896 2203 5586 7362 7908 3227
28 45 3440 9284 3104 6062 2152 8204 3733 7637 3669 3486 6225 9158 8384 6836 2869 7064 1101 7170 6834 3221 3578 8219 5907 575 2075 3059 1793
31 6428 6042 1660 4433 676 5102 6452 3804 3830 2983 2832 6847 5035 430 9010 1170 5695 6607 3805 3824 9726 742 6196 6733 5316 4270 7517 8559 7817 2809 2681
28 1566 9858 7752 8063 1715 6255 4887 9504 1770 3604 1555 9634 7328 4696 9769 2428 6426 9196 2219 5824 5657 5996 4138 1881 7008 3957 9882 3232
25 156 6424 8561 8568 1186 9754 9777 5525 9949 5768 412 639 9122 2462 9528 9867 5194 6259 9225 9953 8110 5215 6332 5204 7326
29 7849 6956 8590 8781 8625 6620 7538 3587 7468 718 8943 9855 7877 7549 2730 3896 6653 3244 1582 488 2621 2421 1877 5864 1975 4913 9767 2594 2565
31 8450 8453 1942 3119 4503 3679 2141 4116 3803 1603 4792 7409 9529 2948 5579 5581 3495 5590 5692 1246 4357 847 7797 433 8136 4342 7486 1812 3173 282 233
22 5482 1387 5334 7552 4200 3411 4096 2782 5159 2558 4019 3686 1135 3401 5268 635 5816 967 2750 6514 1665 960
34 6430 3363 1568 4989 554 7219 2430 6876 6554 1412 7347 4579 972 4028 6456 6386 2657 6873 6692 2653 4557 6689 1286 9801 945 118 3002 1811 3219 7463 12 7789 8619 8964
30 4611 6897 9591 5908 1860 4573 791 1542 6389 3904 6296 1233 5404 334 8248 5048 3271 6453 775 2975 7433 454 2773 9691 6782 5725 4840 5161 5789 9827
27 5254 3902 159 5952 3694 2350 3323 15 3205 2433 3742 8222 9906 2508 2593 1848 4404 5977 1065 8923 4462 8739 8203 9143 3962 9841 6804
31 2717 8184 7015 6864 2195 5182 1969 9242 2918 3212 1269 3603 8976 2923 1126 3393 5606 9716 9297 3046 1720 165 7057 8079 5792 6702 4993 9065 3943 8548 2528
23 701 436 3575 8273 232 3019 2435 4782 8769 3926 3700 1409 9876 9830 6353 4173 4613 8836 2721 6327 6496 966 1199
26 8346 3492 548 968 9612 9263 53 6622 3513 2310 8289 1189 1622 2643 1796 2551 8982 297 4054 5038 1901 1107 5091 4631 9918 6148
28 2995 8849 9498 1560 3391 343 4377 5739 4158 3078 1168 2033 1498 533 449 7881 7027 8303 1273 7571 7736 1989 3208 581 6041 6762 1739 202
23 820 8502 5241 3316 896 8530 6520 9165 541 7927 5510 8040 3262 5291 3095 3317 6757 9588 7687 1479 5344 2467 6405
27 7678 8896 4067 2358 3091 9184 8154 3320 2629 1585 4423 4288 1353 7909 3927 2485 6965 5123 9337 9775 7987 9686 4042 3940 3328 4353 2611
28 3709 8653 5886 2239 4718 4903 7467 8292 9338 9220 7522 9127 5347 2004 1401 9232 2216 9671 9922 9401 2605 9722 6926 8160 3687 9358 869 2338
23 6507 2381 352 7449 1267 9322 1373 6412 4945 9250 643 1832 335 7143 9693 7211 4024 3676 5702 9962 2834 1615 2494
25 2870 9742 2297 4794 5069 4458 8471 6746 792 3335 8620 8687 916 4160 3096 6802 9840 7452 5873 8510 4320 8002 8195 3580 969
32 207 4796 9202 9930 5244 8954 8201 4672 9436 4520 7423 6434 2076 2080 3321 580 5202 5519 6323 649 5043 279 6529 3793 6342 50 5981 6867 2008 1323 2585 977
23 5266 5645 3632 3533 665 9073 3573 3427 5838 1986 249 9595 2475 3068 2521 6736 9614 1026 6122 4968 9819 119 5240
27 9106 2146 1035 5213 1139 9785 1239 2375 6902 3156 9442 7955 4140 9908 4946 3900 315 1331 2865 1546 6431 7807 990 5859 4791 7399 5273
31 6198 1141 9211 9288 5077 291 4629 4567 3225 1525 9203 1872 5509 2474 5405 8536 6192 4424 8113 1844 6458 9684 142 5785 7287 2990 621 1601 5432 3857 7936
21 9601 2847 9492 350 9079 7790 6643 93 9533 7046 6976 6811 483 5203 2503 7461 9069 5173 8409 2481 8887
25 3387 9814 5583 8481 2244 7650 8615 6844 2622 8442 8646 6944 7671 4243 8335 7340 133 5427 5132 7882 935 8467 8905 2115 4625
28 3155 3827 2241 5815 8234 7249 6779 3243 5802 8944 4293 2520 8371 2981 318 6170 1632 6336 1087 776 8181 1718 5813 8165 2441 870 8631 7688
29 138 9662 1021 4393 3033 117 720 5277 3774 5597 2052 8106 8352 2645 9996 7558 4750 595 100 9985 8208 5979 3294 8451 6141 5549 2828 8501 6596
24 9413 7901 6154 4976 9329 8042 7610 6918 225 7973 7099 6611 618 8800 1649 668 3861 7897 9886 2866 2189 8187 1399 9478
31 5835 2414 3929 9236 1417 5999 4175 62 5759 8235 4736 7525 4823 9216 6298 2165 2615 2047 7628 4372 3967 410 8229 9661 6260 4416 3014 127 145 4354 4014
33 2234 2163 8170 4650 4034 3036 4082 4307 8897 5639 4938 6584 9857 8832 3975 239 8650 7888 8226 8847 8119 1656 5778 5563 1843 1570 7128 8846 5548 9293 2814 5930 1921
30 8424 5130 7581 7798 7367 4391 4302 2608 2410 6562 2303 3228 4127 9464 9185 8762 2225 2187 8200 5884 9532 6118 5172 823 5665 181 8516 4540 4097 2678
29 660 3628 9868 9286 2167 91 3439 5105 8476 5659 6856 5766 6429 8925 1885 1451 7033 86 4538 7262 549 2455 6080 6771 4999 399 2431 9404 8694
27 152 94 6578 8969 69 1325 5658 9753 9619 7670 9793 6378 8886 2424 8578 9893 8480 6792 3372 7825 2180 3424 2938 5650 1105 2936 470
29 4467 2851 1466 416 1772 8584 908 4673 2744 6470 8894 7466 4290 2397 7077 8254 4421 2245 3253 2460 4606 3966 7895 8811 6832 5569 3008 3913 1868
27 8709 1539 8205 5528 9755 158 4252 1750 2232 5878 4432 3336 5533 5852 9081 3344 2387 9066 3788 4029 7658 4907 8935 6184 7965 518 1177
27 8267 6001 1779 2395 8072 784 4486 1253 9798 6364 3280 2760 8332 9455 9390 6432 4541 9920 4920 8287 4267 1237 6358 4600 9383 7537 3375
26 3216 1348 6623 2396 3 9980 308 3647 4110 2097 1742 109 5839 9712 815 4555 5773 9875 122 727 7311 1646 4695 7729 8412 3595
26 6190 7611 9128 6351 2236 1095 9892 5887 4931 2083 6069 7071 1524 4179 7557 1783 2411 2625 2473 8662 6645 2443 5286 5560 8567 5707
27 835 601 5049 1924 9019 7232 9825 6686 4251 8262 7243 1825 5847 6338 7763 2753 7999 1625 6333 9938 7562 2796 4571 1071 5374 5361 8629
31 8598 7914 596 5195 9685 1505 4018 5125 7356 8700 2924 2389 7740 861 3723 2324 3213 7898 2321 3714 1356 3980 6455 372 2991 2559 8695 6573 2215 7747 819
18 7937 7855 7421 8841 9397 7086 5580 1322 4134 1435 3817 4930 3382 6696 514 5628 9950 8096
32 3815 6319 9635 6493 1152 3122 4093 4975 3203 6750 7661 5429 2100 1172 1303 3010 6345 9326 4727 6180 1584 3056 1823 4899 1569 1072 9036 9637 2264 4940 1690 4361
32 389 7735 5097 7648 4249 4084 3186 1521 9084 9308 323 5904 9281 9089 1405 2465 6878 1294 3514 9487 3473 2602 672 9926 2159 5243 7666 8779 2523 6266 8387 5065
27 5959 4830 8468 9695 4803 2767 9719 9035 2887 8989 6137 522 7757 3605 101 9717 7476 8331 5271 7303 9879 8388 1277 2257 6673 7996 2451
26 526 6152 9636 8884 813 3854 4953 8680 4040 9910 3392 5137 6187 2534 361 8707 3885 4939 6825 2619 8802 44 6654 6320 8180 4254
29 9151 1472 4260 553 8851 5066 6985 8012 9183 6535 2511 83 545 3454 3028 6998 2130 8414 905 9896 6525 162 1658 349 6534 573 5609 3366 9643
26 395 6597 854 4327 2145 404 3275 5228 6747 1490 5833 3477 6462 1173 2111 5003 2319 6314 6568 8252 2427 2095 8416 5960 2781 7460
26 1826 7297 3471 4091 850 4195 6409 1849 199 8347 2019 1171 131 3837 4143 8419 8086 7548 9369 9905 7524 4061 8712 6371 6598 7234
25 7782 9890 3169 2557 1700 5598 5868 3443 4550 5861 3146 1960 1097 8550 3657 3184 3852 4991 3597 6852 4210 4733 426 8582 4678
31 7674 2198 3693 8592 460 4144 9258 1547 7441 5496 5238 4435 5791 3284 3828 1068 7385 6884 8491 9641 6875 5630 4203 4772 2089 1005 6887 9759 9320 5002 7534
28 8404 523 7529 238 675 2525 9658 3315 1934 3584 406 6670 1114 3869 1781 5463 9005 6023 3617 7092 9849 113 4959 8979 796 2249 5473 9604
30 5500 5837 7402 2756 6869 6125 5435 6205 141 7745 6715 2590 686 228 5817 3568 1392 369 3576 588 4911 8825 5607 2884 4407 8018 8880 8236 8216 6164
31 9053 4473 1125 5377 7707 5680 7180 208 6411 9546 1012 7693 3648 2230 3670 1163 9651 1504 4572 8 4554 9843 9210 4848 3614 9705 9463 5489 4345 4063 7492
23 1577 4757 7864 879 6616 9737 7190 3631 5854 3054 7556 8497 2726 2515 9541 2356 695 8788 6308 6028 2985 1315 694
21 6950 280 4066 1556 4769 1220 4739 2429 9571 5223 3802 1118 5856 648 347 921 7905 4664 3958 3403 7886
27 5832 3581 811 89 5129 837 8966 6731 690 3430 6666 8878 9370 1091 2973 7035 6644 5493 1336 1366 9783 959 2669 3947 2261 1428 6479
28 9435 2765 5934 9933 2479 8701 7952 4282 6971 431 3229 9575 5289 9280 9448 5716 7184 7159 5174 8023 6505 9897 7814 2597 8192 7968 6898 7649
24 1377 3665 6265 1855 4942 6105 3619 2707 3553 5497 6024 6302 5422 7848 2164 148 155 3309 8632 5599 7214 5712 3872 6491
29 6603 6671 8927 4937 5585 7144 4788 2868 8848 1532 8122 1708 4212 4074 3175 8355 2888 7834 524 3189 2575 4449 9977 8520 6745 6533 4947 6883 7207
21 4574 476 6889 3367 8569 7296 9725 5090 3273 9187 9 5718 5810 4498 1733 2543 2764 5491 9869 7718 7527
26 4077 3361 5529 1604 2346 7660 5523 4124 7802 300 5834 387 2500 895 95 9197 5539 1910 6913 7954 9603 9301 7644 2398 7246 447
28 5465 625 8177 3460 1205 1809 9241 7268 8159 2276 9414 2761 5220 998 3939 7438 2299 9706 5641 6401 8738 3699 4850 3237 7731 8585 6737 6055
32 8786 3911 1014 5855 979 8594 7891 1932 5748 5369 2068 1889 7766 6063 4420 4598 4855 9409 2113 4187 4663 9245 9859 8716 8088 8555 8247 1798 65 637 7294 711
23 8078 1492 4878 7014 7969 3331 2096 6738 8617 6582 4658 6182 8436 1142 802 2727 6946 608 8449 4367 6901 2099 7049
26 3171 6992 6970 1421 9115 9915 1996 1258 9451 110 21 1621 5152 7053 1616 325 2592 9237 1859 6139 6499 9576 9788 3308 8589 511
28 2139 8504 9747 144 4917 6278 7176 216 1784 8460 3637 76 9228 4546 4748 4414 211 5799 2580 4233 5656 7657 3948 6818 806 1446 1150 6806
33 3766 3452 7871 5349 6410 8439 5051 8924 4015 2409 4446 5119 7753 4582 3879 989 1667 4883 1272 6695 9316 7826 2458 1902 7892 1031 9181 1378 7518 3816 4714 655 4871
22 2758 3288 3972 7689 3417 2027 5757 2946 1044 4180 2560 6226 303 6035 8705 8359 2079 3752 218 9679 7156 9982
24 4078 5030 8128 9460 1275 906 5313 8375 5303 5302 8641 5355 3330 8623 8901 9325 8029 4389 7573 4041 7301 1727 4965 6014
29 3831 4760 1831 4060 2000 7161 9856 3040 8581 7045 4691 8760 1548 8659 3094 5330 5842 7758 5287 8459 9226 4816 1978 2104 9285 8660 1015 2059 2719
22 6423 5388 4754 5545 2769 3707 8239 1440 2247 8398 5012 9526 6763 9845 7431 2466 3359 4075 195 9786 9607 7021
21 7833 2563 182 191 9699 6177 5724 949 6427 5596 2989 5793 5501 5169 9372 1176 6665 5536 4674 9100 1508
29 9670 4616 1512 6250 2048 4156 1854 6369 1299 3544 1610 3035 7560 805 7344 920 9617 4406 2690 1563 3475 2486 5437 6619 1518 2094 1464 2016 6091
33 8103 9049 9213 3833 5153 4607 2701 5883 2609 3858 4575 3069 7291 5309 6510 3801 5095 8996 5001 3193 2173 1903 1296 4220 6116 5922 1841 2638 1281 9579 7261 5410 1635
24 4891 666 3775 8434 9227 9606 9621 6677 2519 7680 4657 8931 954 8370 5899 2112 3999 4528 3725 5629 4683 3956 1738 4659
28 1134 1415 7096 6123 7800 7489 8874 1671 2373 2122 3360 9261 337 984 9570 4051 7585 759 8380 3070 876 6053 6201 8117 6074 8270 9995 9802
31 6257 6497 6461 8919 6474 4710 6005 5542 3949 1414 2331 7163 7765 4856 2153 9618 4294 1936 2287 8498 260 7786 7198 8275 5011 5140 5795 8164 951 7422 9770
25 8246 8543 8778 9836 2352 1198 8876 8025 9067 3431 781 4240 507 500 2596 3915 8612 6662 5872 5575 7453 8343 3092 9188 9700
33 1572 6557 4701 9732 6030 1890 5086 1804 888 987 363 7472 7068 322 909 1838 2348 1122 645 2660 5986 6469 4269 136 9259 5341 3727 8708 4026 9398 1638 4767 9958
21 577 9589 8327 7667 9675 6145 2589 3983 1894 9312 180 5616 3052 5321 8323 9082 1119 4580 8272 8268 5320
17 6638 275 9772 4032 933 8605 6915 3063 1457 2070 3358 6076 1762 9023 2345 1522 3876
31 681 3611 8432 9454 1430 9229 8328 3100 4370 7812 6914 2808 8455 9135 4045 1308 2185 2798 4865 6417 2997 5267 9137 3509 7659 6077 3661 1393 5678 6680 3071
27 654 4980 477 2343 1588 5912 1777 8182 6329 7037 9983 7429 709 5782 8864 3753 3287 2341 3552 1699 5019 8902 856 2510 2067 5021 7917
29 7633 1846 9336 5462 6284 9489 3114 3625 841 5704 5023 8245 123 2724 6253 8148 2581 9683 3924 7169 2284 8940 2618 3936 2779 8305 5257 1367 3048
32 5233 7793 3987 6718 5867 9394 5784 3984 3500 3784 2243 5440 8189 8538 710 4633 2372 1057 381 2227 5246 4086 4464 6700 6391 8531 1731 892 1316 3421 9410 5208
28 1788 7448 6093 3598 5151 7715 703 4231 800 4885 532 1723 1698 1467 376 2837 274 4378 6376 834 9511 7904 3157 172 4352 9866 9544 4916
30 3353 1833 3247 2069 3347 9356 2679 2919 7062 1349 7082 1915 3124 1952 1873 4157 5746 7803 8158 2333 1006 9396 3964 7913 9536 6713 480 1697 3555 973
25 7277 5535 5653 667 2747 515 5706 1238 8377 2788 1290 6354 5162 2576 3747 8773 2492 9026 7293 4729 8308 7192 1263 2349 3810
30 2921 8057 1595 5668 82 6280 8050 9485 7541 4880 5821 5382 1158 3407 5249 3635 4177 7499 803 5357 326 8869 284 7972 8241 4291 4895 2031 4235 1651
26 4581 7569 7894 1059 5082 7110 8718 1888 980 9126 1668 3606 4376 5800 9630 7932 5340 9162 1252 6019 708 8749 882 2925 5007 6576
32 175 9740 4507 9797 6117 3268 2013 6822 5126 4722 3528 3195 1797 5490 4882 1618 1147 3585 693 3137 2889 1858 2029 4719 342 3969 8173 4984 6532 7843 2810 2103
28 4182 3482 6200 8624 5148 4286 9406 1821 7142 5235 5198 9800 6380 2224 7236 7365 8420 4016 7716 4102 5735 3447 2405 2422 3710 5849 7474 3082
28 3210 3937 4808 3921 6504 7327 250 4950 6436 3215 7419 4857 2178 9283 7733 8396 1265 7373 9028 6805 9496 9004 9342 3406 8916 1473 6038 8114
22 4634 330 2693 2384 9817 2049 3479 4874 4732 2124 5913 9381 7795 5688 370 1180 441 9034 5559 8353 845 9558
20 8027 8829 5181 2339 3722 2489 4545 848 9274 4062 7776 1341 6759 6127 1112 6022 1947 6311 8768 1766
23 8595 534 4765 2482 1025 73 8746 9477 1302 2892 4334 3277 798 4295 2743 4011 6895 4477 1018 6981 4927 8792 9741
29 2368 4804 724 3209 598 7383 8526 2637 2322 7835 4201 2050 71 2413 7831 1819 7081 1973 5385 1357 1208 296 4790 7052 7604 6159 340 3218 4037
25 4759 8523 2293 294 7108 9007 9844 5504 1416 6350 9469 3594 8259 4826 348 8048 8069 2438 6801 8169 5946 3601 3826 4771 9600
23 256 7575 4192 1151 3192 1370 8330 9964 8956 4511 2312 7333 2172 7274 712 7512 3438 3588 1765 4872 937 4585 5255
28 9925 9696 9443 7787 6935 3866 2906 9096 8992 7412 4394 7561 2289 8677 8815 1320 6082 7663 1853 7778 976 4536 3838 3141 2627 5698 1001 3767
25 8339 4951 2135 2313 5401 2071 6989 2651 2370 6612 2082 5767 7075 7126 9119 6621 6346 5892 3087 5380 2927 192 3664 6542 4747
24 6770 1285 2965 3851 7087 6128 177 974 878 8808 7958 6115 7118 7588 9763 2125 4033 8217 5733 2259 9205 516 2357 1911
27 6425 9075 7985 3009 4553 6286 3745 4640 2595 6531 4021 5018 6646 8334 2845 6698 5037 8333 1941 705 7372 757 783 8823 7923 3607 2504
28 9594 3258 3312 8745 5207 5308 8681 8865 2762 7278 8642 9363 5329 3174 4215 7196 8041 7961 4649 8656 1078 1454 8637 8376 2616 2670 1954 3006
28 4119 7642 698 736 4 9520 5052 2613 3167 4929 9771 3507 8821 9278 5820 6483 8926 3978 9209 6315 5572 4073 7389 7480 4105 2904 3719 7652
29 7653 7256 4805 5756 4807 8431 1410 6102 7519 2775 2295 9989 8873 74 7629 1749 4401 3131 9002 3343 6555 7874 3206 8126 8179 2667 240 1255 6051
33 2874 108 4717 1422 1260 5714 5863 1767 6015 4262 6574 6773 5830 2686 4578 4317 4373 3250 386 9405 8016 1970 2861 5663 1687 9348 1108 3112 7788 1634 9748 7654 7215
26 2038 3198 1712 4169 1499 9627 4183 9223 6419 4483 70 7387 1069 7989 4648 2246 5061 7160 2002 1153 7101 737 3734 4518 7470 2783
24 570 9727 3772 1140 8052 9382 4181 8913 3103 6218 3654 84 7432 9434 5827 3971 7141 1426 1561 1455 6517 9198 8672 7264
24 6600 450 5696 8418 2359 9898 5168 1792 7614 881 5306 5720 6365 407 4103 7189 3754 6528 1159 4849 7544 587 5042 7502
30 8044 8183 656 5472 3306 9899 4165 6816 8285 9648 3341 9368 7771 4002 4583 2342 9430 981 4693 8133 3880 104 2240 3498 3426 859 6059 9916 265 1445
27 6812 9692 9743 2933 1278 2253 5020 610 572 8022 7592 290 452 2998 231 9823 3319 2133 4861 913 6254 8527 634 5110 9244 8484 4605
27 5798 27 8286 8949 3150 8250 6049 5670 1609 5121 9090 292 3488 382 7238 3047 1906 4609 1748 2023 5143 8408 8706 714 20 4561 6441
21 1999 8579 1909 9721 8728 2909 3863 5488 6701 4918 7893 6075 183 6807 4453 8107 4405 7780 8357 3530 7911
22 3491 2823 8447 8547 7867 1659 6727 7896 1098 6238 5024 4081 1418 5072 8973 6467 6541 8112 2691 6798 1136 7796
27 3183 3233 7030 9940 3350 3455 6242 2710 6817 2132 7195 5699 9750 5840 1598 2972 1338 6775 7070 9386 1987 3591 1857 9524 5734 3769 8385
26 1109 5557 1040 5476 3698 4442 7147 6868 7239 6361 59 3839 3771 8279 7012 4676 7206 3327 8300 9088 3093 9170 7810 6969 212 3952
25 9992 5113 9459 3462 3992 738 132 9238 4358 8076 6630 8655 9835 7531 7150 7696 8796 7564 7829 807 2361 6932 6271 4135 4821
23 3236 9417 3560 8699 2401 3881 5857 794 2281 5059 8862 54 3685 1517 3677 2226 3790 8444 8525 6896 1090 5264 75
22 2442 1614 2815 7603 6322 5619 6538 5045 6263 3892 7199 8283 2445 4305 1729 160 5358 4150 5527 4811 7608 6614
26 2652 2554 5237 3518 593 7016 7464 7872 3489 5502 4958 7131 5480 8844 9217 8168 3013 1845 7749 3270 485 9713 4973 2999 2134 85
22 1130 5889 6819 9804 5456 6767 9537 499 1228 3490 6728 4601 3944 1456 7500 1224 7684 7398 5094 7193 5513 8009
27 2584 4960 846 6857 9042 8282 1562 8500 1998 1219 6707 2913 2408 2790 5073 2617 9931 2723 5853 5620 206 1974 1685 3938 8317 3540 9527
25 5876 5057 6687 810 1241 5610 8756 6215 409 6385 7032 3453 6119 4522 3293 2366 2471 9306 3910 9291 8810 5711 3668 2213 6017
28 4107 8152 26 6234 304 3346 8609 8673 6854 3158 8493 6233 1419 384 3622 3199 585 5652 6384 7292 1591 4429 8729 8427 10 5764 1891 3554
24 4141 7047 1842 6961 1554 1631 43 9437 7405 4306 5983 2382 9389 8378 5026 4245 7469 2392 3015 205 6442 1350 7555 9895
32 445 8948 1768 4926 8766 4627 9665 6559 789 9720 38 2255 6085 6388 178 1830 8288 4191 842 268 3666 5469 6031 8508 8127 464 8533 9148 5430 9615 6952 5269
26 9791 6402 7769 8711 7105 8602 997 3303 6026 8787 7515 5924 6079 1789 8921 2871 8361 8881 1481 6239 4783 566 1937 3583 5991 4131
27 5777 6683 8850 9884 5829 2137 2154 9936 4630 7651 2928 2188 8231 7682 758 5394 1806 5179 7627 988 3613 9657 7734 3450 4437 9724 4964
24 4753 687 563 3763 2186 1985 5671 9495 8573 6018 1321 32 2939 5573 755 1480 9715 1912 5017 8058 1227 166 224 2254
25 9371 2351 4568 1818 3264 9590 9803 1194 9499 3546 9780 1085 1483 8915 7146 278 1382 3418 583 4786 8763 1538 638 4793 3748
23 1359 8166 8003 8083 5210 2673 8463 87 1083 5530 868 3416 8446 3974 6741 7587 4072 4125 9553 9174 8405 5216 4978
25 528 6275 357 2166 6464 4221 8000 5071 1096 1861 7645 5611 6892 604 938 505 538 5655 5458 3395 8209 5088 5016 8596 7364
28 7148 3720 9361 7309 780 4677 194 7784 753 5442 7949 603 3920 3004 4787 8496 4781 1251 6158 4121 186 9221 6577 3717 7090 578 2879 8636
22 5046 7229 6980 8415 5201 939 2950 252 3785 472 9012 428 4159 6984 3115 9945 640 6408 9778 4548 3285 7722
16 3656 7699 2746 5224 9762 550 6606 1444 5395 512 2060 5076 8843 547 9774 1363
31 102 4801 3181 8134 2876 8324 7177 1787 1865 5177 1882 3086 373 5647 8413 5974 3390 8601 6930 5419 424 4987 6870 6641 6047 9146 4403 4326 3101 7123 6173
28 6261 2636 2698 2890 3322 1441 6267 2738 9986 9415 9425 6344 1226 2986 2044 5075 3853 3639 9021 3602 6476 463 7646 6107 366 3521 7505 2288
28 8207 3383 3867 6995 6794 2920 402 8458 6711 6357 5292 2878 4551 7200 7630 8563 7241 658 8430 6101 8104 5819 2862 6203 5926 3161 6650 5690
20 8934 3295 4933 8933 3934 9327 5304 3955 5428 5956 4509 8155 5468 2733 7250 6583 6769 6637 7852 7947
29 8039 4944 5675 9669 171 3272 8264 7755 9153 5384 5578 301 4952 331 8095 2108 1611 8171 1684 2898 2222 9472 6631 3527 7730 891 24 5897 4171
19 6754 2042 6516 9494 7675 1895 3850 2522 6552 5848 568 244 5494 9373 2329 2123 1184 4526 5823
23 7006 1196 5740 2570 873 9027 4577 2509 4382 1553 4332 3301 4838 5056 4321 3408 4142 1528 7595 105 7386 6663 9212
14 5941 3302 170 309 7203 4795 5170 4799 3565 3286 911 403 1875 7260
27 671 8654 40 4050 215 2677 5351 2591 9362 5568 1852 9311 918 1771 9177 4230 4470 4085 1741 7003 3638 4846 7669 7477 4702 4635 582
26 187 2378 7186 4392 7031 7694 7605 7960 7097 5366 5279 3434 1319 3928 9534 4441 8452 5995 5558 374 1728 7746 6377 1327 3080 4347
25 2169 6445 5436 2138 320 3821 6740 3487 8917 5124 5451 866 5646 8139 4836 3673 5381 1815 4271 9563 4380 3985 4422 4419 1648
31 4065 4349 4338 5914 3914 8950 5705 3731 4566 7869 6708 521 5106 5890 2967 4139 3961 398 9779 7098 562 329 7017 5300 6317 9020 1958 9542 2516 2829 9204
22 5262 9104 9462 7065 6212 3234 1218 2502 5438 9118 7130 6438 4800 5989 5980 5099 1814 4979 9025 4479 4197 5561
22 6785 9951 7351 9273 7526 7880 204 9973 9593 7298 4146 6518 6853 5431 3750 4463 7228 2718 3760 9505 7315 5193
28 2849 6330 286 8890 2126 163 1222 5376 2062 6813 855 3941 8490 4488 4614 7248 241 490 8997 9711 2347 9013 4409 6339 6052 9573 2804 6906
23 3873 7382 5008 3027 1148 6790 6566 8958 5506 5278 5297 2120 7838 2577 6945 7102 8856 752 88 235 3653 6626 6172
25 5492 4214 5109 3680 7185 319 4273 4385 8627 8588 2931 4687 8826 716 6054 867 7145 1501 6899 2360 1181 3451 3468 8470 63
30 2202 3339 7698 817 5726 5522 704 2644 8001 3912 5028 4460 4988 4266 4371 48 9513 1 5415 3414 3140 3338 9468 4505 8306 3547 6972 8953 5915 1990
28 288 4436 5251 8046 4076 7054 4348 2318 3388 1545 6893 4284 55 844 4351 8732 2309 4162 6604 7255 1162 2529 1500 4746 2054 1385 3334 3116
27 1822 4697 489 6395 3465 1897 230 1082 5413 9689 6310 9833 2893 1664 6530 5199 481 5605 890 9167 9124 7616 9710 9586 8640 6264 9154
30 4974 8545 9957 1956 7979 9378 2323 466 2674 6547 1810 5700 594 9812 3721 1144 3759 9334 2220 2256 8304 7624 1388 9539 1017 1951 7711 2776 5227 2518
25 4768 377 726 498 5553 5968 684 2053 590 6112 8840 7401 7503 9214 4654 9294 1332 7254 6917 3163 2844 5285 6235 1791 2497
28 5455 4661 5326 9891 4152 3267 7359 1541 3770 51 8260 8144 5417 3132 5006 6321 8190 3895 7550 6081 5141 9193 8515 2709 9003 6842 283 8909
26 9756 3324 3716 1612 6007 2748 4083 5293 5407 2799 5694 2852 7612 7112 1828 6628 6949 7945 4484 4336 6325 9517 4735 6157 277 519
28 1711 957 3765 6294 1862 3950 5333 5683 3151 1028 2735 4047 4343 6399 6624 9564 5447 8186 2131 272 7530 8576 2567 2501 4698 8744 9873 6511
26 6845 2864 6640 2472 5226 8266 8791 6615 425 2175 6268 9690 8213 5327 5818 2699 189 2196 9305 8922 735 6838 41 467 3188 5107
24 68 16 1178 9549 4948 150 9044 4388 3989 4818 6814 3819 3470 6306 5957 6120 6270 9234 4859 4039 1580 6755 4832 8932
18 5014 750 8566 434 8575 2794 4079 8482 5346 1536 2447 6087 6803 6297 2505 9765 7903 4184
29 6982 8143 3476 4415 6113 2569 8093 9240 3545 1000 6997 4862 6846 5730 9169 2488 7067 6372 5364 6848 4362 8985 3706 651 1361 624 2493 6133 531
25 1691 34 7060 4386 7721 8790 6919 1839 400 203 7334 9466 5118 8020 8149 3389 4328 5013 5393 9473 1475 978 9698 788 7887
25 1764 3681 2205 6073 4587 6057 2266 2917 2183 1683 9839 1867 58 5378 1645 2684 3248 5047 2081 6911 8606 3457 8986 1313 6865
26 3505 8399 9522 2399 8872 9515 4983 8410 2774 1707 6572 5055 3379 822 8721 3812 664 1886 2231 9624 2022 9062 7048 2959 5953 3436
26 839 3919 8936 9599 8478 1081 5964 7983 5661 6178 8686 5909 210 4118 7578 1291 8212 9550 1869 1834 616 3779 2041 3202 7978 9346
29 3860 1734 7358 1756 7488 4069 5850 1730 6675 7352 4892 6581 2463 6908 1721 7167 1977 3891 7975 2362 6131 1232 4741 4615 453 501 6404 561 6787
27 8995 7132 405 8903 9130 4248 4323 8920 200 2835 4153 4456 7157 9923 8362 2708 8519 8269 6394 6558 6034 8863 5686 4450 9971 6061 3531
26 1808 5383 8017 8049 3139 8697 6292 1898 5512 8528 5781 6672 741 3415 6457 3894 6100 6282 6526 7634 9265 2311 5593 3970 6142 6588
25 5973 61 4455 8277 8178 513 4004 1132 5474 3194 6721 1914 2151 6758 7963 1230 3862 8962 1583 7457 1333 7741 1027 4418 2423
19 7918 702 7744 1236 8320 1160 3520 5822 413 9654 8939 3893 317 5261 860 1022 1484 2007 7690
25 281 8875 5826 420 9870 3313 9029 8734 3314 7620 5265 8630 1052 6343 3621 4806 1722 8280 217 1443 2328 2626 6435 3918 6121
28 9054 2649 5942 3172 3177 3536 3836 5167 5457 4325 7304 1256 223 2818 3449 8814 6156 1161 9653 7040 2974 4333 6840 898 2214 7396 5621 3570
29 1976 2930 3537 184 7392 8316 1207 5096 527 5200 3502 2759 3888 4434 1047 354 923 631 8692 8473 3523 506 8433 2376 9934 6881 2620 5836 4576
32 3423 1752 8657 6888 4529 6912 8564 9439 4831 6183 1988 7072 9501 6418 6106 6963 8866 5841 3569 7547 7565 9313 9108 1997 37 2819 3041 5471 8374 5717 2157 3024
21 7910 3556 5911 1304 3362 1102 2903 3446 5752 1403 4070 9639 7266 897 6602 1714 9535 4237 1678 6546 6422
22 816 8026 3953 883 927 6256 8558 877 1494 8621 4482 840 4023 7959 7226 2476 8302 9208 3207 7938 1559 5453
27 2583 5324 3903 1390 5949 9147 8006 9622 2797 7916 5976 3402 2020 3849 8066 6544 4080 8960 3884 7083 2787 3307 7204 6355 2612 5582 7820
22 5532 5797 147 4597 7915 1149 5969 7709 5192 7928 9116 7846 9279 6450 1221 6649 7182 4624 2109 8146 3289 4789
34 5604 5703 9538 7695 5537 6936 4219 1961 7259 5353 6328 4900 8253 2610 4147 6143 125 7058 5505 8758 1033 9626 508 944 7454 1827 11 828 7121 6704 9064 3138 4339 2217
26 6392 8394 4766 9120 6027 8737 1802 9376 569 5083 116 6829 8807 7088 7681 9077 9647 3371 8230 1949 8157 442 8994 4346 4461 9138
19 1067 7481 5910 2873 6826 36 4413 4402 3034 1918 9596 1950 6939 72 3045 6305 1369 7926 5988
23 6756 4636 7572 7117 9781 9339 8603 1724 7377 2900 7792 9207 5356 4496 7353 9509 1384 9048 6661 7125 6008 371 9192
21 5360 4969 5875 926 902 7024 9093 3110 1709 7785 8509 9367 9547 2872 6977 3376 4534 7783 3345 9782 3399
30 2916 6925 7416 5318 6634 3297 2499 8005 5074 6472 8325 1460 5905 2404 3220 99 9424 5731 7622 2379 2839 6608 2317 2162 3483 2197 9947 2881 3829 3517
20 6197 6488 3899 7929 9416 1644 7607 6097 5222 4844 644 1935 4092 495 7420 1663 7490 5337 6688 5486
31 9157 1751 2003 3702 4250 5229 8176 9583 739 2286 3925 7935 8824 2092 1870 7962 5727 8990 4737 9140 1195 812 8827 9512 4211 7440 6717 8981 6988 6390 4275
25 766 5938 5945 7286 9121 4745 9851 4588 2725 1045 5803 7103 5927 9944 5891 201 8748 5025 9602 4468 9277 1800 2571 6240 9163
22 8698 1893 5136 3385 2940 3582 5574 1093 6167 4229 5133 4720 2114 9681 4492 5750 1404 4532 9904 9829 9330 7348
23 3883 2648 5939 9942 6595 1442 8108 2058 745 106 3037 1248 9500 7039 7076 5352 683 6307 9972 6324 2308 6217 7899
23 9159 2711 8366 8870 276 5751 3410 3300 9975 6186 2061 7554 6742 4113 7626 4879 4154 5715 1497 9523 4058 2968 4644
16 4896 9702 462 9149 9270 5514 4281 5770 9233 8883 4471 3276 9195 6004 6903 9354
17 446 60 8765 4017 1104 3563 4430 2270 7403 139 1155 312 1474 9045 1801 2786 7187
23 5325 7708 128 6003 4966 3283 3508 8214 7941 4425 9736 3942 234 3616 7546 6400 8045 1470 7411 3959 8941 6480 9932
25 9790 1055 5323 9310 4289 7415 168 3506 9993 8507 394 8094 2056 7859 4280 9674 19 9000 6071 8382 3977 7342 1981 2850 7272
28 3968 2803 5966 4957 7845 5925 3480 9660 1242 392 7925 1557 7007 7346 2464 9598 5541 9070 7133 3245 3658 5221 8955 2248 5526 6821 6974 2507
21 3412 3741 2238 8911 8389 3887 9545 4316 3435 9287 6508 7491 6726 8720 8198 3223 4274 3072 9403 6942 6632
23 5370 2550 6931 8678 3618 9224 1053 919 9909 7201 9795 8322 1519 8013 353 6367 6937 9813 6828 2088 8891 5591 8314
25 4922 5917 5534 7485 6766 5188 9585 3558 8645 2937 7400 9222 729 4815 9999 9644 2628 8202 9508 8777 509 5918 3467 8240 419
27 9445 612 5771 747 5387 7543 6348 5499 1735 8036 6252 9249 9068 7043 7953 1073 9701 3600 6070 2190 6241 5232 2211 7951 5845 9349 900
25 7794 2332 8586 2640 2201 9831 4514 9461 3724 1020 8055 5420 4825 1719 2419 9426 7225 9230 1334 9086 6916 7478 3083 3106 3386
31 9191 9714 2996 8983 5511 9039 1907 3755 930 4350 1167 7993 5350 3058 2897 7308 6272 9796 8223 9483 985 4056 2490 7504 707 8521 1628 8742 5633 2143 2296
30 9960 1038 4543 8513 2599 3396 4309 7768 4465 6277 4374 6674 6948 6735 7919 8489 9344 5594 6009 9709 599 3012 1966 6799 5294 6169 5507 6524 4708 1099
22 4052 4671 7251 8503 4126 8877 4101 8691 3011 9047 4740 5672 3718 6064 6934 2210 2729 4798 7106 2119 4586 8696
20 8971 5794 5483 5860 3703 5084 9885 8350 2314 4098 6591 3211 2692 6962 9567 2742 7804 3474 6955 9418
24 8835 1113 6928 540 5263 4304 8970 4642 22 9231 2457 6210 1280 4617 4277 4845 2740 5614 5180 9865 6360 2268 8784 2994
24 8097 7639 328 9787 7020 5460 5253 2601 734 715 310 2877 3786 5737 4106 5087 9663 7594 2285 4490 5466 4680 4897 9969
27 2524 7116 6519 9456 7840 437 4500 2654 4833 2826 7001 3061 8560 8175 7737 4706 6827 8161 458 7933 2694 9074 5391 31 8024 7839 7907
30 4246 6610 227 6463 7516 8540 8162 2024 2838 6446 6300 6690 9976 1389 3795 4776 3370 5531 6760 2420 3935 3230 3712 4411 5809 1967 2789 1851 3529 2436
24 1717 6543 8464 6211 8293 2642 6309 1657 2955 4130 680 628 7265 4902 9427 6387 8809 9605 5184 1449 9912 1295 8265 8443
22 7822 9447 8492 7151 7992 1138 5424 5343 4163 3825 3846 3923 6146 7964 1379 5807 5089 4176 4510 5317 8819 7559
26 7324 5467 1805 3259 2168 4053 2468 7751 9990 790 560 778 9043 1458 5978 9659 6967 2665 2676 4283 880 3510 8197 749 7801 1993
24 4469 8383 4259 3333 7724 4476 2221 456 8572 7462 7873 3356 8007 2369 5651 7832 5623 6501 2812 3649 9001 5736 6830 6575
20 7773 8368 6703 4454 2009 3743 2148 8722 5067 9292 2181 8537 6685 9125 8557 6420 3996 6248 9015 6627
27 6791 9850 2777 1835 9751 9678 6859 2531 1306 597 7091 8562 5828 8757 8291 8403 8397 5743 3990 2784 7868 3214 251 2572 9987 8070 1397
30 1187 8472 49 659 6815 1913 5693 2771 8518 4457 1089 6138 8666 5122 8475 4756 5642 3113 5920 9105 1703 9449 8772 857 7332 8987 9422 7764 3305 6135
26 9168 6227 23 9820 5197 1670 8118 3735 1558 2101 2301 9235 6764 4521 4204 2549 7307 2821 5958 2327 8684 774 3736 8929 7618 5666
25 4311 3623 7158 6341 185 4387 4562 4363 2011 2548 1650 9902 5104 2283 5627 7879 535 4513 242 6489 2072 1287 9580 4685 4331
27 9136 271 931 4030 7375 9943 8349 9314 8912 2513 9677 9628 5379 5943 9794 8972 9016 6549 2035 6370 7465 9620 344 7280 3840 7066 8805
29 9282 7511 2330 487 5128 8613 2144 1257 7149 7316 5146 9889 4533 8665 7860 6904 5790 5484 285 761 7535 9298 2160 1995 7551 3979 8402 4111 9799
29 13 1573 6879 2836 5115 2614 2633 4314 6299 2334 4205 1692 8889 5962 8597 6204 8116 1710 7093 4853 4668 1514 8081 9927 3931 6189 5851 2582 1212
27 422 605 4858 1245 2470 8993 1837 9728 4100 9490 3807 1413 7124 8242 884 5186 3776 6894 5788 2579 7197 2340 1254 415 3404 9109 4087
31 9392 6891 1925 6729 1407 9984 9123 3671 795 2242 743 2960 5397 4774 7990 6291 9453 2951 6466 2229 5060 2639 9807 5338 1008 5660 4646 4890 4923 8715 5885
27 2459 6563 1639 9078 8469 6824 8499 7122 3290 2606 4986 4448 6048 4623 5755 2899 3162 9676 3466 9578 728 2953 9112 2448 3652 2956 7456
22 552 7436 1076 1487 7866 8553 4194 4647 7459 2682 1145 7750 2910 6958 2277 9114 4155 4877 1079 936 7270 8670
19 8407 1424 3746 3845 289 1549 8123 3166 4665 3134 8938 6114 1879 6772 8031 4970 4596 7194 9941
15 8532 9491 7703 1643 9365 5804 2432 364 1274 7224 4337 731 7900 9838 2980
27 474 7574 3640 6092 3844 1448 3292 80 9808 92 6129 5093 1070 9616 1840 1654 7635 7127 7710 1394 7451 3133 7998 9633 9041 6947 6202
28 9488 6796 5898 9219 9752 6481 0 9954 8611 6352 7739 1496 9734 7428 7447 3428 2073 6855 4912 2434 787 7413 3796 2544 9094 2456 2587 4556
22 1354 2624 5189 4564 1744 6996 7018 8610 4149 5154 4653 8735 3726 520 6579 2483 3559 1957 8782 2848 8298 8816
25 8544 90 314 4239 3524 4009 9773 6658 3871 4044 7135 1647 8115 9299 6448 6968 3650 3773 2816 9206 2987 3459 439 2444 8618
27 3425 1204 3878 915 5112 9385 8751 8549 9562 2943 6224 8035 3730 1706 1567 6083 2272 3751 3809 622 6593 4905 9805 9687 9731 8167 2894
33 7662 8406 1437 6890 3659 1608 4408 8257 3001 9172 3185 925 4679 4064 9072 6368 6941 5577 1927 9981 2988 5103 7506 4007 1362 6679 7520 4381 6921 6303 8290 9431 4915
16 135 7473 2656 4340 2364 3596 3077 7599 6194 4620 699 7074 2976 2291 764 6301
24 1813 2086 4390 8400 8885 7528 8651 3348 6744 6553 6276 620 6033 258 6882 4161 9552 5540 3738 6751 3729 7970 7089 6279
24 7397 2512 9811 2535 8726 9745 5439 9178 525 2028 8857 5281 986 9411 7310 2631 756 176 7686 4755 607 3841 7713 8465
20 7995 994 5031 9966 3332 1131 2233 1244 2757 5242 6249 3097 7034 4296 9978 2393 7152 574 4707 6537
23 1689 7227 5862 7580 4178 2935 907 2014 4723 2032 982 2714 2568 6678 4778 8664 9374 8522 6013 3355 8771 946 9837
20 9543 6668 4535 1175 8074 3318 3917 5963 2632 3152 2326 4129 6768 3263 3397 7827 5521 3906 7772 98
27 2182 2793 4996 3005 1024 2394 9961 4472 5772 8441 9760 2390 5664 4925 9707 6545 7700 4164 8082 2941 179 4731 9399 7289 3663 2556 6207
27 8440 5564 1983 4480 3291 971 760 2574 358 9420 2763 5135 7853 7378 7676 4704 4812 3761 2880 9402 6723 7139 8542 4228 1540 7850 7341
26 7584 9360 6245 6635 2736 9384 2085 8421 6500 3541 6160 9917 8294 6213 494 222 2700 2449 6165 8676 3469 2978 2962 8060 1533 5723
20 688 5846 3501 130 7742 8663 1433 8723 1564 9332 8313 4208 3739 2374 4222 6784 3197 2400 5779 1864
25 306 3756 7487 6699 9956 4639 6710 4089 5760 4003 7374 161 1747 8255 2739 4027 8210 3252 4253 8014 5589 9032 2807 1653 2084
23 9014 2607 2365 1036 4655 221 6295 7078 2260 5894 5367 6786 9046 5617 4842 3296 1617 8065 9433 2302 1543 8574 411
20 3126 5423 8991 7061 311 3835 5036 7811 1701 2278 6861 7217 9318 4908 5985 6181 3168 368 4962 2630
18 5865 6966 2258 2853 219 8369 3599 1495 7808 6739 7632 6373 3135 77 7858 7726 2532 1298
21 4466 1191 7235 1746 2 3898 1592 996 2207 5879 5322 8153 1630 8124 5546 4570 7821 765 953 5877 6730
25 663 8727 6359 5274 5763 8988 2547 584 4547 6486 917 9507 471 5636 6381 8570 1438 8354 7263 1586 3374 4369 1550 8583 592
23 9939 8638 7743 7036 7275 2325 4410 1642 4417 2527 5643 3231 3222 3357 9331 4485 2065 6709 7166 9080 9650 126 849
21 4189 2156 4397 4151 5520 1740 7299 6994 5301 6084 4898 9087 7994 3737 5164 1432 4445 7252 3084 6086 4690
24 2191 8073 7279 2555 7865 4356 8477 8318 7188 9824 9256 751 7172 7514 8054 8704 8806 8951 1318 9924 6490 2371 2561 7134
7 7591 6858 5158 3239 2942 9071 4188
25 3511 3832 7720 8565 1590 6237 3266 6393 8466 6648 198 2171 3674 2206 4525 4738 355 1400 4876 4569 4265 8032 4981 3422 5211
24 7205 6046 3682 6313 5744 3079 5053 2001 1039 8668 4990 115 3778 7844 1156 6487 8056 5625 5515 1266 5398 7921 7165 4329
23 7621 7355 7370 3368 6749 4213 611 8221 5239 4645 536 9929 9846 4982 7302 5992 2905 4721 7521 3074 7593 8898 4539
25 862 8717 7890 3442 5416 4730 4444 8794 9412 9792 5015 4779 8942 9098 6940 8587 4742 6383 1506 4255 3909 427 2915 1503 4977
24 7539 544 961 3764 785 7408 4621 4785 8067 7824 8860 9419 5150 7168 6285 3538 6694 8393 197 1626 2093 8244 4956 1154
24 9708 3090 3780 9006 9375 3191 4873 5411 2251 2315 2043 1346 7210 9518 3690 7640 5684 18 8535 262 1486 4268 7153 3143
14 1262 4218 557 5114 2979 6512 9102 267 5085 4681 8068 5543 8683 2791
11 958 3109 3088 7357 1850 4928 6536 1086 7930 8092 2406
30 1704 5669 7323 706 2840 7393 8914 1620 1693 3794 8505 4136 5332 8842 4120 2015 1876 193 2945 1578 9749 853 7444 137 8852 2177 3946 5685 5551 124
19 7175 5903 3951 8445 6016 5368 6473 2689 2030 1754 9218 9458 1743 9142 3032 5518 7857 5342 7540
23 8669 5503 3643 5298 1795 7974 7816 67 5874 6337 6228 3641 8643 9429 5602 9132 2856 1686 79 1629 1672 824 5638
25 7343 2971 2578 9907 7870 9182 2846 4652 5175 5550 3310 8345 9935 254 6521 3539 2688 146 4287 9476 4619 4592 7966 8539 5674
30 8220 3240 2713 9470 2305 6748 7381 174 3055 140 7300 6406 5994 1358 7044 9050 2695 5081 3432 8271 4359 5288 6349 6109 7445 7019 9766 2514 7435 2388
9 4780 9946 6095 6243 1202 2336 5928 1551 3107
17 2664 3238 3298 2539 3806 2800 4761 2658 7129 1775 5155 7601 4688 6495 3522 6722 3818
25 9129 952 9963 8968 9350 6162 2538 3144 7209 1182 9694 6716 1530 6134 6691 9493 6089 2363 5765 8174 2537 3311 5372 9296 5644
27 6229 929 1247 1491 6509 338 7957 740 8793 8486 5070 9970 2647 8337 1056 388 8401 1351 1732 4763 9656 29 3577 9022 7154 9860 6413
19 5245 1037 8130 7109 4355 5682 5138 9133 8274 7056 6601 6375 264 4549 5640 4451 5745 7854 9481
23 3265 2090 7042 653 5990 5022 8111 6752 3429 3494 39 2495 8661 777 2546 9587 2128 8367 3029 808 2063 3349 7775
28 7138 4852 804 3179 5721 2140 1462 8754 5446 9059 1602 1259 886 7009 3629 339 6451 3960 6863 2127 767 4971 7501 5120 3369 4666 8682 5987
15 7237 2235 8341 8975 2200 8199 3566 7 9652 7220 2731 6929 6397 7174 7368
21 2005 7982 9967 7430 7028 4341 9254 1516 564 6743 4656 5567 1780 2754 6193 3624 6316 6273 8747 5178 5033
30 3235 9257 6407 2914 3757 9874 5166 2770 9380 9317 360 1206 9497 1933 6780 8963 1662 3400 8425 7510 9432 6880 9744 754 6920 3274 9113 4257 7568 722
18 8099 1824 9366 4802 5005 4828 9853 9733 7271 14 263 3325 1116 4508 4537 8965 9018 1627
28 4236 6475 3278 4715 7625 2021 9994 5063 7025 157 6072 5758 6078 7889 7813 2118 9911 5421 7497 5814 543 3542 1347 8803 1943 390 3038 2107
21 8834 4395 2562 5403 7875 9110 8801 9060 3820 2886 4670 8600 6290 9608 932 3111 6503 448 1916 5050 5044
17 8910 8634 1174 2274 2646 1092 4383 1371 3695 4365 3089 8930 1355 9642 4224 4512 2661
27 8141 7427 4447 8386 6664 9592 9097 393 9267 1292 5691 7290 5477 5622 6617 6326 1523 3550 5871 4709 8633 3993 8893 1607 8774 8479 7010
10 3608 4689 1963 4035 992 7113 8243 2478 2385 6625
27 9888 626 8710 7638 8833 6421 6099 7338 266 2552 4223 2825 8185 270 4207 6396 8626 829 3365 1324 9514 1374 5615 3354 7997 341 7417
26 1429 4001 4495 8365 1725 2415 5906 9821 4379 1661 1552 6166 1673 8461 478 4475 4301 3874 6281 6103 9878 7164 1288 7861 825 3642
24 327 9321 9446 910 6363 9816 7728 8798 107 4247 6800 6651 5441 924 8038 922 8688 9560 4310 6124 121 1655 7178 6216
17 4489 1919 4985 6176 1968 9421 6594 8321 5498 8839 5923 5363 3994 2732 3196 378 5392
24 4398 4773 2858 1863 5258 1121 1317 991 1799 7388 539 4839 1537 7570 8703 154 3864 9061 5445 3848 7705 5032 5948 3808
14 4090 4128 9810 646 7762 1075 7446 2454 652 7107 5092 950 6843 7319
28 8724 8730 6151 5461 9937 6262 3997 209 6978 3683 5508 7284 1436 3543 1452 6175 3102 64 2307 9480 1510 786 9623 9667 8077 8062 4364 7414
14 2300 5982 1088 248 772 1945 8635 5225 1337 1279 497 6776 5481 5921
12 3437 3886 4244 5252 5554 3255 7507 346 5747 8959 696 7774
26 3991 4068 874 3064 7986 9625 662 2728 6236 8859 3020 6010 3441 1439 379 1117 5464 6527 3549 6132 3497 6986 1509 8037 7841 1185
30 7313 7704 5209 7191 229 1203 484 5769 6795 5142 7942 9008 9729 418 4043 744 9730 3732 864 5858 4563 3022 8647 8818 9253 196 9991 1211 2901 496
15 6954 1972 1249 3409 6247 1513 7902 4360 717 1939 677 8105 3381 6179 2895
25 9076 6444 1276 4703 7379 6230 8258 8284 6585 6993 6471 2970 5565 3740 4675 4242 5217 7754 9557 486 9894 8011 6633 1345 9255
25 9861 4501 4994 3201 6983 3050 1264 1677 8593 4914 8140 1535 8276 3178 9574 5753 3995 3081 4020 9863 5256 5780 8978 5284 4901
26 5041 4088 8797 6382 2051 7513 2541 2542 7407 6927 8616 6206 4713 7493 6629 4232 4493 307 8138 963 8556 2885 8061 8928 5681 8194
20 7336 6999 865 1829 3463 9757 5880 440 7208 5444 8767 1463 5328 1782 3627 5402 9347 3758 7655 5517
22 8961 5608 9441 3149 2304 4186 629 6485 7406 5157 3182 8783 8511 642 3121 7242 1774 650 8312 8301 2634 4502
28 9194 3534 2715 3762 5713 4278 4031 313 6454 9655 2354 6060 2683 623 4843 8702 7350 1043 9341 8101 2117 5234 3098 7281 6447 8743 1928 6088
19 9467 8517 1680 1002 2316 3251 838 4851 1383 7956 9834 2875 3713 1790 8554 4412 6161 7885 537
10 5866 5544 1375 4459 6660 8750 7002 8945 3159 647
24 4006 1049 397 851 3420 4864 1423 6609 8755 2416 492 8028 302 3329 8671 246 3282 4234 8485 5009 7508 2737 7371 3021
7 7495 6293 2706 769 120 9555 9577
28 7494 4481 7244 8261 1515 1165 385 435 1759 5900 1301 391 9051 1489 7005 7258 4368 713 6841 9465 4618 5697 5576 8344 5618 9968 3444 8307
16 2337 7317 9531 9056 1899 1544 9295 5131 9530 4225 8326 2437 4593 2306 5418 6090
27 5801 1896 5134 4824 7579 167 6990 4692 1411 6872 3986 4168 1214 2017 8015 1146 3963 1619 1335 3626 3586 2250 2269 7991 617 4256 8753
12 7349 7748 4443 8861 1461 3129 1940 3843 7920 4961 5667 9768
4 7940 287 7697 1596
10 4894 4770 1200 7665 5624 1594 9613 4699 3062 5738
18 2161 8904 359 8604 3136 5761 8109 30 7013 9011 4893 1581 46 6605 5250 6548 5719 2480
23 7222 5475 7026 4227 3847 8831 8488 8541 8211 3398 3484 4667 4749 2010 6938 1884 1234 4319 6040 6943 6153 9444 7756
23 8858 7337 8356 1100 4123 2279 173 6163 2078 7706 7702 3662 5806 4924 5034 4491 1979 5709 6011 9134 451 7805 6065
18 3865 8391 6191 9057 6044 3889 1511 5825 3337 3342 3564 1041 9176 4297 4995 396 9438 2155
3 3697 6960 2623
19 1229 9315 8249 9289 9883 8224 6586 2412 8145 567 5947 5443 4814 324 5649 730 9828 9152 4875
19 4174 1074 6318 1459 9091 9666 8759 5212 8795 1984 9649 8888 3257 5728 6222 4762 3589 6810 9510
3 5844 8151 7063
21 5881 2573 4716 1681 81 4487 2680 8628 8047 8437 8448 7589 3003 8422 5409 4013 7376 253 5054 5562 8311
27 6522 5315 2843 9260 8358 3147 2811 5972 6147 9852 3567 613 3615 4439 4863 8785 8719 1110 2566 7799 6 7119 7617 9030 7029 9847 7162
22 5171 2768 5901 901 2176 3813 4504 4375 1695 7363 1624 3485 4626 4651 7977 7306 5459 7677 4552 6094 2957 2149
21 1080 7022 7944 1420 2179 9818 9815 7939 5811 8752 3684 9400 1376 1019 1183 7647 5805 8731 5970 2386 7641
27 9581 9764 9913 5206 3260 1964 9640 3118 1593 134 4048 9848 2947 7727 799 7221 2792 2453 3976 5893 4022 5339 9364 5280 6269 2267 6835
24 5612 2992 5348 9055 5587 1064 5183 7596 5971 3073 7912 1623 8495 6777 8071 4427 9503 7523 8043 6136 4517 6068 5365 697
26 8237 1794 1300 5916 4315 261 8238 4997 5064 9809 143 7948 9252 6492 3125 8379 1757 6219 8059 8998 3165 9903 149 9423 503 7577
27 4694 8454 4452 4758 1120 6860 2055 5584 872 2705 2859 6951 4199 367 3499 1225 444 7314 3768 5305 4705 1786 2703 2907 6498 6732 9914
18 1060 2855 7335 8053 7723 546 6449 3834 7656 1488 8336 7023 4837 1297 2294 3148 1270 9556
8 1231 9017 4399 1992 7434 8342 8789 6246
24 5896 7719 3651 7111 3675 8150 4431 2040 2720 858 4603 5191 1469 8319 1502 6964 4330 6067 3526 4324 614 517 940 3504
4 4038 2380 1268 4300
19 3187 7760 8977 1575 8957 9407 7330 7484 7767 1003 3981 6636 316 2282 5386 491 6639 1235 1637
25 4104 8494 2908 5556 6793 9554 3254 5603 6006 9359 214 3799 255 7079 6199 4725 129 4810 5319 6209 5677 1682 321 8360 9307
18 4935 9718 6910 5654 7878 383 9854 1307 5749 1034 1050 3419 7283 885 3655 5039 2275 3870
27 2440 3076 3579 2526 4817 1215 2262 2944 3646 2237 9668 7836 1013 5236 9928 875 9746 5722 4744 3823 2553 2491 5275 8658 4998 9697 1773
22 2912 236 365 8812 2320 6820 7672 510 5993 2982 6957 1284 2461 7818 9063 826 455 3859 9099 3226 8132 1778
29 3060 8372 4949 5149 4238 5156 4046 5940 6304 1004 9107 5425 6188 6862 6693 9739 4602 4276 2741 8051 3814 299 591 8690 2533 7791 852 6564 2367
25 1133 2298 4478 9457 7038 8309 8131 1395 4565 2675 4743 2204 9290 4700 4059 5331 3261 7366 9519 5932 5538 3930 8776 2530 3634
19 4497 5689 6174 1856 8529 6850 4847 9345 4972 1476 7391 1953 2824 5359 8736 6002 7837 1106 2659
26 457 4870 1675 3620 1123 1326 2116 345 863 4637 7212 6110 2271 6043 1343 7085 6592 1447 8648 4884 1305 6823 2969 6587 4712 9784
28 3016 5919 8299 3496 6416 9806 2147 3783 679 4524 2477 5843 4726 4728 1908 4906 3456 2006 6851 6714 3571 1216 3017 4308 5710 3478 5635 9343
23 3744 8937 2536 6550 1971 6185 4921 4869 4992 1929 1029 4669 8764 5187 6494 1931 9597 8457 5165 692 6356 1115 8395
4 8218 7934 6647 1289
1 8799
22 7981 685 4263 5068 2891 7443 6809 8137 5299 6111 8867 7273 4868 2598 5676 770 4209 2498 7856 6029 4775 8351
16 1046 7233 7437 7231 8233 5139 4206 7269 7567 5776 4108 641 9164 3901 2952 8392
